 20260525205900
   -31.5000  -68.2500 
  INTA_SANMARTIN                             SURFACE                                    
  FM-12 SYNOP       INTA_SANMARTIN         600  F     F         1
 -888888.000 -888888.000 -888888.000 -888888.000     600.000       0.000 -999999.000 -888888.000 -888888.000       0.000 -888888.000       0.000 -999999.000 -888888.000   95620.000       0.000 -888888.000 -888888.000
 20260525205900
   -31.6500  -68.5833 
  INTA_POCITO                                SURFACE                                    
  FM-12 SYNOP       INTA_POCITO            615  F     F         1
 -888888.000 -888888.000 -888888.000 -888888.000     615.000       0.000     282.350       0.000      -0.000     129.000       0.000     129.000      76.000       0.000   94510.000       0.000 -888888.000 -888888.000
 20260525205900
   -30.6335  -67.4682 
  VALLE_FERTIL                               SURFACE                                    
  FM-12 SYNOP       VALLE_FERTIL           900  F     F         1
 -888888.000 -888888.000 -888888.000 -888888.000     900.000       0.000     282.850       0.000       0.229     129.000      -0.315     129.000      69.000       0.000   92020.000       0.000 -888888.000 -888888.000
 20260525205900
   -30.1833  -69.0667 
  CUESTA_Viento                              SURFACE                                    
  FM-12 SYNOP       CUESTA_Viento         1530  F     F         1
 -888888.000 -888888.000 -888888.000 -888888.000    1530.000       0.000     284.450       0.000      -0.845     129.000       1.813     129.000      48.000       0.000   85450.000       0.000 -888888.000 -888888.000
 20260525205900
   -31.4667  -68.6667 
  ULLUM_EMBALSE                              SURFACE                                    
  FM-12 SYNOP       ULLUM_EMBALSE          768  F     F         1
 -888888.000 -888888.000 -888888.000 -888888.000     768.000       0.000     286.850       0.000      -0.035     129.000       2.000     129.000      55.000       0.000   92870.000       0.000 -888888.000 -888888.000
 20260525205900
   -31.5192  -68.8178 
  PUNTA_NEGRA                                SURFACE                                    
  FM-12 SYNOP       PUNTA_NEGRA            800  F     F         1
 -888888.000 -888888.000 -888888.000 -888888.000     800.000       0.000     284.350       0.000       0.000     129.000       0.000     129.000      61.000       0.000   92120.000       0.000 -888888.000 -888888.000
 20260525205900
   -31.5194  -68.9851 
  CARACOLES                                  SURFACE                                    
  FM-12 SYNOP       CARACOLES              942  F     F         1
 -888888.000 -888888.000 -888888.000 -888888.000     942.000       0.000     284.950       0.000      -0.000     129.000       0.000     129.000      61.000       0.000   90820.000       0.000 -888888.000 -888888.000
 20260525205900
   -31.6500  -68.3000 
  ECOHUMUS                                   SURFACE                                    
  FM-12 SYNOP       ECOHUMUS               600  F     F         1
 -888888.000 -888888.000 -888888.000 -888888.000     600.000       0.000     281.350       0.000       0.000     129.000       0.000     129.000      67.000       0.000   95310.000       0.000 -888888.000 -888888.000
