INTA_SANMARTIN                             -31.50000   -68.25000   600.00000 2026-05-25 20:59:00     1
     1     1    -888888.000    -888888.000      95620.000    -888888.000    -888888.000      -888888.0      -888888.0
     0     0
INTA_POCITO                                -31.65000   -68.58330   615.00000 2026-05-25 20:59:00     1
     1     1        282.350         76.000      94510.000         -0.000          0.000      -888888.0      -888888.0
     0     0
VALLE_FERTIL                               -30.63350   -67.46820   900.00000 2026-05-25 20:59:00     1
     1     1        282.850         69.000      92020.000          0.229         -0.315      -888888.0      -888888.0
     0     0
CUESTA_Viento                              -30.18330   -69.06670  1530.00000 2026-05-25 20:59:00     1
     1     1        284.450         48.000      85450.000         -0.845          1.813      -888888.0      -888888.0
     0     0
ULLUM_EMBALSE                              -31.46670   -68.66670   768.00000 2026-05-25 20:59:00     1
     1     1        286.850         55.000      92870.000         -0.035          2.000      -888888.0      -888888.0
     0     0
PUNTA_NEGRA                                -31.51920   -68.81780   800.00000 2026-05-25 20:59:00     1
     1     1        284.350         61.000      92120.000          0.000          0.000      -888888.0      -888888.0
     0     0
CARACOLES                                  -31.51940   -68.98510   942.00000 2026-05-25 20:59:00     1
     1     1        284.950         61.000      90820.000         -0.000          0.000      -888888.0      -888888.0
     0     0
ECOHUMUS                                   -31.65000   -68.30000   600.00000 2026-05-25 20:59:00     1
     1     1        281.350         67.000      95310.000          0.000          0.000      -888888.0      -888888.0
     0     0
