INTA_POCITO                                -31.65000   -68.58330   615.00000 2026-05-16 00:00:00     1
     1     1        283.550         71.000      93890.000         -0.000          0.000      -888888.0      -888888.0
     0     0
INTA_POCITO                                -31.65000   -68.58330   615.00000 2026-05-16 00:30:00     1
     1     1        283.050         73.000      93900.000         -0.000          0.000      -888888.0      -888888.0
     0     0
INTA_POCITO                                -31.65000   -68.58330   615.00000 2026-05-16 01:00:00     1
     1     1        283.050         74.000      93900.000         -0.000          0.000      -888888.0      -888888.0
     0     0
INTA_POCITO                                -31.65000   -68.58330   615.00000 2026-05-16 01:30:00     1
     1     1        284.350         72.000      93890.000         -0.034          0.276      -888888.0      -888888.0
     0     0
INTA_POCITO                                -31.65000   -68.58330   615.00000 2026-05-16 02:00:00     1
     1     1        286.350         67.000      93910.000         -0.077          0.267      -888888.0      -888888.0
     0     0
INTA_POCITO                                -31.65000   -68.58330   615.00000 2026-05-16 02:30:00     1
     1     1        285.350         70.000      93930.000         -0.136          0.394      -888888.0      -888888.0
     0     0
INTA_POCITO                                -31.65000   -68.58330   615.00000 2026-05-16 03:00:00     1
     1     1        286.450         70.000      93940.000         -0.216          0.805      -888888.0      -888888.0
     0     0
INTA_POCITO                                -31.65000   -68.58330   615.00000 2026-05-16 03:30:00     1
     1     1        286.950         68.000      93930.000         -0.162          1.155      -888888.0      -888888.0
     0     0
INTA_POCITO                                -31.65000   -68.58330   615.00000 2026-05-16 04:00:00     1
     1     1        287.150         66.000      93940.000         -0.383          1.335      -888888.0      -888888.0
     0     0
INTA_POCITO                                -31.65000   -68.58330   615.00000 2026-05-16 04:30:00     1
     1     1        286.950         68.000      93960.000         -0.194          0.724      -888888.0      -888888.0
     0     0
INTA_POCITO                                -31.65000   -68.58330   615.00000 2026-05-16 05:00:00     1
     1     1        286.850         68.000      93980.000         -0.194          0.724      -888888.0      -888888.0
     0     0
INTA_POCITO                                -31.65000   -68.58330   615.00000 2026-05-16 05:30:00     1
     1     1        286.850         67.000      93990.000         -0.285          0.783      -888888.0      -888888.0
     0     0
INTA_POCITO                                -31.65000   -68.58330   615.00000 2026-05-16 06:00:00     1
     1     1        286.850         67.000      94010.000         -0.124          0.279      -888888.0      -888888.0
     0     0
INTA_POCITO                                -31.65000   -68.58330   615.00000 2026-05-16 06:30:00     1
     1     1        286.550         68.000      94060.000         -0.012          0.083      -888888.0      -888888.0
     0     0
INTA_POCITO                                -31.65000   -68.58330   615.00000 2026-05-16 07:00:00     1
     1     1        286.550         68.000      94110.000         -0.079          0.295      -888888.0      -888888.0
     0     0
INTA_POCITO                                -31.65000   -68.58330   615.00000 2026-05-16 07:30:00     1
     1     1        286.650         66.000      94180.000         -0.212          1.091      -888888.0      -888888.0
     0     0
INTA_POCITO                                -31.65000   -68.58330   615.00000 2026-05-16 08:00:00     1
     1     1        285.850         71.000      94290.000         -0.492          2.790      -888888.0      -888888.0
     0     0
INTA_POCITO                                -31.65000   -68.58330   615.00000 2026-05-16 08:30:00     1
     1     1        283.350         77.000      94410.000          0.786          2.049      -888888.0      -888888.0
     0     0
INTA_POCITO                                -31.65000   -68.58330   615.00000 2026-05-16 09:00:00     1
     1     1        283.050         75.000      94490.000          0.263          1.871      -888888.0      -888888.0
     0     0
INTA_POCITO                                -31.65000   -68.58330   615.00000 2026-05-16 09:30:00     1
     1     1        283.750         70.000      94550.000          0.278          1.756      -888888.0      -888888.0
     0     0
INTA_POCITO                                -31.65000   -68.58330   615.00000 2026-05-16 10:00:00     1
     1     1        283.550         71.000      94610.000         -0.068          1.943      -888888.0      -888888.0
     0     0
INTA_POCITO                                -31.65000   -68.58330   615.00000 2026-05-16 10:30:00     1
     1     1        283.350         72.000      94660.000          0.278          2.261      -888888.0      -888888.0
     0     0
INTA_POCITO                                -31.65000   -68.58330   615.00000 2026-05-16 11:00:00     1
     1     1        283.050         72.000      94720.000          0.150          1.716      -888888.0      -888888.0
     0     0
INTA_POCITO                                -31.65000   -68.58330   615.00000 2026-05-16 11:30:00     1
     1     1        282.450         76.000      94760.000          0.286          2.036      -888888.0      -888888.0
     0     0
INTA_POCITO                                -31.65000   -68.58330   615.00000 2026-05-16 12:00:00     1
     1     1        281.550         83.000      94790.000         -0.544          2.183      -888888.0      -888888.0
     0     0
INTA_POCITO                                -31.65000   -68.58330   615.00000 2026-05-16 12:30:00     1
     1     1        280.950         88.000      94820.000         -0.089          1.692      -888888.0      -888888.0
     0     0
INTA_POCITO                                -31.65000   -68.58330   615.00000 2026-05-16 13:00:00     1
     1     1        280.650         89.000      94820.000         -0.541          1.664      -888888.0      -888888.0
     0     0
INTA_POCITO                                -31.65000   -68.58330   615.00000 2026-05-16 13:30:00     1
     1     1        280.850         88.000      94790.000         -0.145          2.078      -888888.0      -888888.0
     0     0
INTA_POCITO                                -31.65000   -68.58330   615.00000 2026-05-16 14:00:00     1
     1     1        280.550         89.000      94780.000         -0.381          2.161      -888888.0      -888888.0
     0     0
INTA_POCITO                                -31.65000   -68.58330   615.00000 2026-05-16 14:30:00     1
     1     1        280.350         85.000      94750.000         -0.279          2.652      -888888.0      -888888.0
     0     0
INTA_POCITO                                -31.65000   -68.58330   615.00000 2026-05-16 15:00:00     1
     1     1        280.450         84.000      94740.000         -0.506          1.559      -888888.0      -888888.0
     0     0
INTA_POCITO                                -31.65000   -68.58330   615.00000 2026-05-16 15:30:00     1
     1     1        280.450         81.000      94750.000         -0.769          2.232      -888888.0      -888888.0
     0     0
INTA_POCITO                                -31.65000   -68.58330   615.00000 2026-05-16 16:00:00     1
     1     1        280.450         80.000      94770.000         -0.742          2.154      -888888.0      -888888.0
     0     0
INTA_POCITO                                -31.65000   -68.58330   615.00000 2026-05-16 16:30:00     1
     1     1        280.550         78.000      94800.000         -0.521          1.816      -888888.0      -888888.0
     0     0
INTA_POCITO                                -31.65000   -68.58330   615.00000 2026-05-16 17:00:00     1
     1     1        280.550         78.000      94830.000         -0.498          1.736      -888888.0      -888888.0
     0     0
INTA_POCITO                                -31.65000   -68.58330   615.00000 2026-05-16 17:30:00     1
     1     1        280.450         79.000      94850.000         -0.292          0.898      -888888.0      -888888.0
     0     0
INTA_POCITO                                -31.65000   -68.58330   615.00000 2026-05-16 18:00:00     1
     1     1        280.150         82.000      94870.000         -0.252          0.939      -888888.0      -888888.0
     0     0
INTA_POCITO                                -31.65000   -68.58330   615.00000 2026-05-16 18:30:00     1
     1     1        279.950         82.000      94890.000         -0.324          1.207      -888888.0      -888888.0
     0     0
INTA_POCITO                                -31.65000   -68.58330   615.00000 2026-05-16 19:00:00     1
     1     1        280.050         80.000      94920.000         -0.111          0.629      -888888.0      -888888.0
     0     0
INTA_POCITO                                -31.65000   -68.58330   615.00000 2026-05-16 19:30:00     1
     1     1        280.050         79.000      94950.000         -0.043          0.303      -888888.0      -888888.0
     0     0
INTA_POCITO                                -31.65000   -68.58330   615.00000 2026-05-16 20:00:00     1
     1     1        280.050         80.000      94990.000         -0.020          0.052      -888888.0      -888888.0
     0     0
INTA_POCITO                                -31.65000   -68.58330   615.00000 2026-05-16 20:30:00     1
     1     1        279.850         82.000      95000.000         -0.000          0.000      -888888.0      -888888.0
     0     0
INTA_POCITO                                -31.65000   -68.58330   615.00000 2026-05-16 21:00:00     1
     1     1        279.550         84.000      95020.000         -0.000          0.000      -888888.0      -888888.0
     0     0
INTA_POCITO                                -31.65000   -68.58330   615.00000 2026-05-16 21:30:00     1
     1     1        279.450         85.000      95040.000         -0.000          0.000      -888888.0      -888888.0
     0     0
INTA_POCITO                                -31.65000   -68.58330   615.00000 2026-05-16 22:00:00     1
     1     1        278.950         85.000      95040.000         -0.000          0.000      -888888.0      -888888.0
     0     0
INTA_POCITO                                -31.65000   -68.58330   615.00000 2026-05-16 22:30:00     1
     1     1        277.950         87.000      95040.000         -0.000          0.000      -888888.0      -888888.0
     0     0
INTA_POCITO                                -31.65000   -68.58330   615.00000 2026-05-16 23:00:00     1
     1     1        276.950         89.000      95050.000         -0.000          0.000      -888888.0      -888888.0
     0     0
INTA_POCITO                                -31.65000   -68.58330   615.00000 2026-05-16 23:30:00     1
     1     1        276.850         90.000      95040.000         -0.000          0.000      -888888.0      -888888.0
     0     0
ECOHUMUS                                   -31.65000   -68.30000   600.00000 2026-05-16 00:00:00     1
     1     1        282.350         74.000      94690.000         -0.032          0.106      -888888.0      -888888.0
     0     0
ECOHUMUS                                   -31.65000   -68.30000   600.00000 2026-05-16 00:30:00     1
     1     1        282.050         75.000      94690.000         -0.007          0.083      -888888.0      -888888.0
     0     0
ECOHUMUS                                   -31.65000   -68.30000   600.00000 2026-05-16 01:00:00     1
     1     1        280.650         80.000      94700.000         -0.000          0.000      -888888.0      -888888.0
     0     0
ECOHUMUS                                   -31.65000   -68.30000   600.00000 2026-05-16 01:30:00     1
     1     1        281.150         80.000      94700.000          0.070          0.439      -888888.0      -888888.0
     0     0
ECOHUMUS                                   -31.65000   -68.30000   600.00000 2026-05-16 02:00:00     1
     1     1        281.650         80.000      94750.000          0.467          1.099      -888888.0      -888888.0
     0     0
ECOHUMUS                                   -31.65000   -68.30000   600.00000 2026-05-16 02:30:00     1
     1     1        282.250         79.000      94780.000         -0.135          0.963      -888888.0      -888888.0
     0     0
ECOHUMUS                                   -31.65000   -68.30000   600.00000 2026-05-16 03:00:00     1
     1     1        282.850         78.000      94800.000         -0.488          1.151      -888888.0      -888888.0
     0     0
ECOHUMUS                                   -31.65000   -68.30000   600.00000 2026-05-16 03:30:00     1
     1     1        282.950         78.000      94800.000         -0.362          0.812      -888888.0      -888888.0
     0     0
ECOHUMUS                                   -31.65000   -68.30000   600.00000 2026-05-16 04:00:00     1
     1     1        282.950         78.000      94800.000         -0.383          0.612      -888888.0      -888888.0
     0     0
ECOHUMUS                                   -31.65000   -68.30000   600.00000 2026-05-16 04:30:00     1
     1     1        283.250         78.000      94820.000         -0.229          0.596      -888888.0      -888888.0
     0     0
ECOHUMUS                                   -31.65000   -68.30000   600.00000 2026-05-16 05:00:00     1
     1     1        283.150         79.000      94840.000         -0.175          0.701      -888888.0      -888888.0
     0     0
ECOHUMUS                                   -31.65000   -68.30000   600.00000 2026-05-16 05:30:00     1
     1     1        283.250         79.000      94840.000         -0.289          0.752      -888888.0      -888888.0
     0     0
ECOHUMUS                                   -31.65000   -68.30000   600.00000 2026-05-16 06:00:00     1
     1     1        283.850         78.000      94860.000         -0.501          0.833      -888888.0      -888888.0
     0     0
ECOHUMUS                                   -31.65000   -68.30000   600.00000 2026-05-16 06:30:00     1
     1     1        284.350         77.000      94890.000         -0.354          0.876      -888888.0      -888888.0
     0     0
ECOHUMUS                                   -31.65000   -68.30000   600.00000 2026-05-16 07:00:00     1
     1     1        284.450         77.000      94950.000         -0.139          0.990      -888888.0      -888888.0
     0     0
ECOHUMUS                                   -31.65000   -68.30000   600.00000 2026-05-16 07:30:00     1
     1     1        284.450         78.000      95010.000         -0.314          1.095      -888888.0      -888888.0
     0     0
ECOHUMUS                                   -31.65000   -68.30000   600.00000 2026-05-16 08:00:00     1
     1     1        284.550         79.000      95080.000         -0.375          1.308      -888888.0      -888888.0
     0     0
ECOHUMUS                                   -31.65000   -68.30000   600.00000 2026-05-16 08:30:00     1
     1     1        284.150         85.000      95180.000          0.824          2.536      -888888.0      -888888.0
     0     0
ECOHUMUS                                   -31.65000   -68.30000   600.00000 2026-05-16 09:00:00     1
     1     1        281.850         92.000      95280.000          2.028          3.512      -888888.0      -888888.0
     0     0
ECOHUMUS                                   -31.65000   -68.30000   600.00000 2026-05-16 09:30:00     1
     1     1        281.350         94.000      95370.000          1.803          3.539      -888888.0      -888888.0
     0     0
ECOHUMUS                                   -31.65000   -68.30000   600.00000 2026-05-16 10:00:00     1
     1     1        281.550         94.000      95430.000          1.140          3.132      -888888.0      -888888.0
     0     0
ECOHUMUS                                   -31.65000   -68.30000   600.00000 2026-05-16 10:30:00     1
     1     1        282.250         92.000      95470.000          1.224          3.190      -888888.0      -888888.0
     0     0
ECOHUMUS                                   -31.65000   -68.30000   600.00000 2026-05-16 11:00:00     1
     1     1        282.450         90.000      95510.000          1.800          3.385      -888888.0      -888888.0
     0     0
ECOHUMUS                                   -31.65000   -68.30000   600.00000 2026-05-16 11:30:00     1
     1     1        281.750         91.000      95560.000          1.872          3.377      -888888.0      -888888.0
     0     0
ECOHUMUS                                   -31.65000   -68.30000   600.00000 2026-05-16 12:00:00     1
     1     1        281.350         92.000      95570.000          1.818          3.280      -888888.0      -888888.0
     0     0
ECOHUMUS                                   -31.65000   -68.30000   600.00000 2026-05-16 12:30:00     1
     1     1        281.250         93.000      95590.000          1.791          3.231      -888888.0      -888888.0
     0     0
ECOHUMUS                                   -31.65000   -68.30000   600.00000 2026-05-16 13:00:00     1
     1     1        280.850         93.000      95590.000          1.498          3.529      -888888.0      -888888.0
     0     0
ECOHUMUS                                   -31.65000   -68.30000   600.00000 2026-05-16 13:30:00     1
     1     1        280.650         94.000      95580.000          1.826          3.434      -888888.0      -888888.0
     0     0
ECOHUMUS                                   -31.65000   -68.30000   600.00000 2026-05-16 14:00:00     1
     1     1        280.250         94.000      95550.000          1.813          4.270      -888888.0      -888888.0
     0     0
ECOHUMUS                                   -31.65000   -68.30000   600.00000 2026-05-16 14:30:00     1
     1     1        279.950         92.000      95550.000          2.178          4.096      -888888.0      -888888.0
     0     0
ECOHUMUS                                   -31.65000   -68.30000   600.00000 2026-05-16 15:00:00     1
     1     1        279.750         91.000      95560.000          1.672          3.756      -888888.0      -888888.0
     0     0
ECOHUMUS                                   -31.65000   -68.30000   600.00000 2026-05-16 15:30:00     1
     1     1        279.550         91.000      95570.000          1.394          3.631      -888888.0      -888888.0
     0     0
ECOHUMUS                                   -31.65000   -68.30000   600.00000 2026-05-16 16:00:00     1
     1     1        279.550         90.000      95600.000          1.311          3.245      -888888.0      -888888.0
     0     0
ECOHUMUS                                   -31.65000   -68.30000   600.00000 2026-05-16 16:30:00     1
     1     1        279.650         89.000      95620.000          1.133          3.487      -888888.0      -888888.0
     0     0
ECOHUMUS                                   -31.65000   -68.30000   600.00000 2026-05-16 17:00:00     1
     1     1        279.550         91.000      95630.000          0.895          2.600      -888888.0      -888888.0
     0     0
ECOHUMUS                                   -31.65000   -68.30000   600.00000 2026-05-16 17:30:00     1
     1     1        279.750         90.000      95660.000          0.504          2.021      -888888.0      -888888.0
     0     0
ECOHUMUS                                   -31.65000   -68.30000   600.00000 2026-05-16 18:00:00     1
     1     1        279.650         91.000      95700.000          0.246          1.395      -888888.0      -888888.0
     0     0
ECOHUMUS                                   -31.65000   -68.30000   600.00000 2026-05-16 18:30:00     1
     1     1        279.550         90.000      95730.000          0.064          1.221      -888888.0      -888888.0
     0     0
ECOHUMUS                                   -31.65000   -68.30000   600.00000 2026-05-16 19:00:00     1
     1     1        279.550         90.000      95760.000         -0.084          0.801      -888888.0      -888888.0
     0     0
ECOHUMUS                                   -31.65000   -68.30000   600.00000 2026-05-16 19:30:00     1
     1     1        279.350         91.000      95780.000         -0.122          0.627      -888888.0      -888888.0
     0     0
ECOHUMUS                                   -31.65000   -68.30000   600.00000 2026-05-16 20:00:00     1
     1     1        279.250         91.000      95810.000         -0.244          0.709      -888888.0      -888888.0
     0     0
ECOHUMUS                                   -31.65000   -68.30000   600.00000 2026-05-16 20:30:00     1
     1     1        279.150         90.000      95820.000         -0.329          0.856      -888888.0      -888888.0
     0     0
ECOHUMUS                                   -31.65000   -68.30000   600.00000 2026-05-16 21:00:00     1
     1     1        279.250         89.000      95830.000         -0.257          0.705      -888888.0      -888888.0
     0     0
ECOHUMUS                                   -31.65000   -68.30000   600.00000 2026-05-16 21:30:00     1
     1     1        279.250         88.000      95850.000         -0.054          0.441      -888888.0      -888888.0
     0     0
ECOHUMUS                                   -31.65000   -68.30000   600.00000 2026-05-16 22:00:00     1
     1     1        279.050         88.000      95850.000          0.145          0.507      -888888.0      -888888.0
     0     0
ECOHUMUS                                   -31.65000   -68.30000   600.00000 2026-05-16 22:30:00     1
     1     1        278.850         90.000      95850.000          0.044          0.189      -888888.0      -888888.0
     0     0
ECOHUMUS                                   -31.65000   -68.30000   600.00000 2026-05-16 23:00:00     1
     1     1        278.650         90.000      95850.000          0.000          0.000      -888888.0      -888888.0
     0     0
ECOHUMUS                                   -31.65000   -68.30000   600.00000 2026-05-16 23:30:00     1
     1     1        278.150         91.000      95840.000          0.000          0.000      -888888.0      -888888.0
     0     0
PUNTA_NEGRA                                -31.51920   -68.81780   800.00000 2026-05-16 00:00:00     1
     1     1        284.850         63.000      91530.000          0.155          0.117      -888888.0      -888888.0
     0     0
PUNTA_NEGRA                                -31.51920   -68.81780   800.00000 2026-05-16 00:30:00     1
     1     1        284.350         64.000      91540.000          0.116          0.120      -888888.0      -888888.0
     0     0
PUNTA_NEGRA                                -31.51920   -68.81780   800.00000 2026-05-16 01:00:00     1
     1     1        284.250         64.000      91540.000          0.076          0.081      -888888.0      -888888.0
     0     0
PUNTA_NEGRA                                -31.51920   -68.81780   800.00000 2026-05-16 01:30:00     1
     1     1        283.850         65.000      91540.000          0.091          0.064      -888888.0      -888888.0
     0     0
PUNTA_NEGRA                                -31.51920   -68.81780   800.00000 2026-05-16 02:00:00     1
     1     1        283.350         67.000      91540.000          0.157          0.114      -888888.0      -888888.0
     0     0
PUNTA_NEGRA                                -31.51920   -68.81780   800.00000 2026-05-16 02:30:00     1
     1     1        283.150         68.000      91570.000          0.044          0.034      -888888.0      -888888.0
     0     0
PUNTA_NEGRA                                -31.51920   -68.81780   800.00000 2026-05-16 03:00:00     1
     1     1        283.150         68.000      91590.000          0.330          0.206      -888888.0      -888888.0
     0     0
PUNTA_NEGRA                                -31.51920   -68.81780   800.00000 2026-05-16 03:30:00     1
     1     1        284.350         65.000      91580.000          0.112          0.082      -888888.0      -888888.0
     0     0
PUNTA_NEGRA                                -31.51920   -68.81780   800.00000 2026-05-16 04:00:00     1
     1     1        284.650         65.000      91580.000          0.023          0.051      -888888.0      -888888.0
     0     0
PUNTA_NEGRA                                -31.51920   -68.81780   800.00000 2026-05-16 04:30:00     1
     1     1        285.150         64.000      91590.000          0.078          0.115      -888888.0      -888888.0
     0     0
PUNTA_NEGRA                                -31.51920   -68.81780   800.00000 2026-05-16 05:00:00     1
     1     1        285.350         63.000      91600.000          0.022          0.051      -888888.0      -888888.0
     0     0
PUNTA_NEGRA                                -31.51920   -68.81780   800.00000 2026-05-16 05:30:00     1
     1     1        285.150         66.000      91610.000          0.006          0.027      -888888.0      -888888.0
     0     0
PUNTA_NEGRA                                -31.51920   -68.81780   800.00000 2026-05-16 06:00:00     1
     1     1        285.050         68.000      91640.000         -0.080          0.022      -888888.0      -888888.0
     0     0
PUNTA_NEGRA                                -31.51920   -68.81780   800.00000 2026-05-16 06:30:00     1
     1     1        285.150         69.000      91670.000         -0.060          0.058      -888888.0      -888888.0
     0     0
PUNTA_NEGRA                                -31.51920   -68.81780   800.00000 2026-05-16 07:00:00     1
     1     1        284.950         70.000      91700.000         -0.022          0.017      -888888.0      -888888.0
     0     0
PUNTA_NEGRA                                -31.51920   -68.81780   800.00000 2026-05-16 07:30:00     1
     1     1        284.850         72.000      91770.000         -0.292          0.335      -888888.0      -888888.0
     0     0
PUNTA_NEGRA                                -31.51920   -68.81780   800.00000 2026-05-16 08:00:00     1
     1     1        284.750         72.000      91820.000         -0.888          0.047      -888888.0      -888888.0
     0     0
PUNTA_NEGRA                                -31.51920   -68.81780   800.00000 2026-05-16 08:30:00     1
     1     1        285.150         68.000      91880.000         -1.250          0.022      -888888.0      -888888.0
     0     0
PUNTA_NEGRA                                -31.51920   -68.81780   800.00000 2026-05-16 09:00:00     1
     1     1        284.650         63.000      91970.000          0.182          2.605      -888888.0      -888888.0
     0     0
PUNTA_NEGRA                                -31.51920   -68.81780   800.00000 2026-05-16 09:30:00     1
     1     1        283.550         64.000      92050.000         -0.898          0.292      -888888.0      -888888.0
     0     0
PUNTA_NEGRA                                -31.51920   -68.81780   800.00000 2026-05-16 10:00:00     1
     1     1        283.550         61.000      92120.000         -0.547          0.629      -888888.0      -888888.0
     0     0
PUNTA_NEGRA                                -31.51920   -68.81780   800.00000 2026-05-16 10:30:00     1
     1     1        283.250         62.000      92170.000         -1.131          0.653      -888888.0      -888888.0
     0     0
PUNTA_NEGRA                                -31.51920   -68.81780   800.00000 2026-05-16 11:00:00     1
     1     1        282.850         63.000      92220.000         -1.551          1.127      -888888.0      -888888.0
     0     0
PUNTA_NEGRA                                -31.51920   -68.81780   800.00000 2026-05-16 11:30:00     1
     1     1        282.650         62.000      92290.000         -0.972          1.684      -888888.0      -888888.0
     0     0
PUNTA_NEGRA                                -31.51920   -68.81780   800.00000 2026-05-16 12:00:00     1
     1     1        282.450         64.000      92290.000         -1.129          1.445      -888888.0      -888888.0
     0     0
PUNTA_NEGRA                                -31.51920   -68.81780   800.00000 2026-05-16 12:30:00     1
     1     1        282.250         64.000      92290.000         -1.446          1.724      -888888.0      -888888.0
     0     0
PUNTA_NEGRA                                -31.51920   -68.81780   800.00000 2026-05-16 13:00:00     1
     1     1        282.050         63.000      92270.000         -1.751          0.780      -888888.0      -888888.0
     0     0
PUNTA_NEGRA                                -31.51920   -68.81780   800.00000 2026-05-16 13:30:00     1
     1     1        282.150         63.000      92250.000         -0.952          0.572      -888888.0      -888888.0
     0     0
PUNTA_NEGRA                                -31.51920   -68.81780   800.00000 2026-05-16 14:00:00     1
     1     1        282.350         63.000      92240.000         -0.856          0.329      -888888.0      -888888.0
     0     0
PUNTA_NEGRA                                -31.51920   -68.81780   800.00000 2026-05-16 14:30:00     1
     1     1        282.250         62.000      92210.000         -0.891          0.454      -888888.0      -888888.0
     0     0
PUNTA_NEGRA                                -31.51920   -68.81780   800.00000 2026-05-16 15:00:00     1
     1     1        282.250         61.000      92200.000         -0.500          0.801      -888888.0      -888888.0
     0     0
PUNTA_NEGRA                                -31.51920   -68.81780   800.00000 2026-05-16 15:30:00     1
     1     1        281.750         63.000      92220.000         -0.535          0.710      -888888.0      -888888.0
     0     0
PUNTA_NEGRA                                -31.51920   -68.81780   800.00000 2026-05-16 16:00:00     1
     1     1        281.450         63.000      92260.000         -0.764          0.688      -888888.0      -888888.0
     0     0
PUNTA_NEGRA                                -31.51920   -68.81780   800.00000 2026-05-16 16:30:00     1
     1     1        281.150         65.000      92300.000         -1.272          0.294      -888888.0      -888888.0
     0     0
PUNTA_NEGRA                                -31.51920   -68.81780   800.00000 2026-05-16 17:00:00     1
     1     1        280.750         67.000      92330.000         -0.863          0.384      -888888.0      -888888.0
     0     0
PUNTA_NEGRA                                -31.51920   -68.81780   800.00000 2026-05-16 17:30:00     1
     1     1        280.750         66.000      92350.000         -1.036         -0.317      -888888.0      -888888.0
     0     0
PUNTA_NEGRA                                -31.51920   -68.81780   800.00000 2026-05-16 18:00:00     1
     1     1        280.650         66.000      92380.000         -0.713          0.113      -888888.0      -888888.0
     0     0
PUNTA_NEGRA                                -31.51920   -68.81780   800.00000 2026-05-16 18:30:00     1
     1     1        280.550         68.000      92410.000         -0.443         -0.039      -888888.0      -888888.0
     0     0
PUNTA_NEGRA                                -31.51920   -68.81780   800.00000 2026-05-16 19:00:00     1
     1     1        280.150         73.000      92440.000         -0.393          0.503      -888888.0      -888888.0
     0     0
PUNTA_NEGRA                                -31.51920   -68.81780   800.00000 2026-05-16 19:30:00     1
     1     1        279.750         75.000      92470.000         -0.258          0.429      -888888.0      -888888.0
     0     0
PUNTA_NEGRA                                -31.51920   -68.81780   800.00000 2026-05-16 20:00:00     1
     1     1        279.450         78.000      92500.000         -0.609          0.568      -888888.0      -888888.0
     0     0
PUNTA_NEGRA                                -31.51920   -68.81780   800.00000 2026-05-16 20:30:00     1
     1     1        279.150         80.000      92520.000         -0.335          0.372      -888888.0      -888888.0
     0     0
PUNTA_NEGRA                                -31.51920   -68.81780   800.00000 2026-05-16 21:00:00     1
     1     1        279.050         81.000      92540.000         -0.299          0.202      -888888.0      -888888.0
     0     0
PUNTA_NEGRA                                -31.51920   -68.81780   800.00000 2026-05-16 21:30:00     1
     1     1        279.050         81.000      92570.000         -0.118          0.188      -888888.0      -888888.0
     0     0
PUNTA_NEGRA                                -31.51920   -68.81780   800.00000 2026-05-16 22:00:00     1
     1     1        278.950         81.000      92570.000         -0.020          0.081      -888888.0      -888888.0
     0     0
PUNTA_NEGRA                                -31.51920   -68.81780   800.00000 2026-05-16 22:30:00     1
     1     1        278.750         81.000      92570.000          0.000          0.000      -888888.0      -888888.0
     0     0
PUNTA_NEGRA                                -31.51920   -68.81780   800.00000 2026-05-16 23:00:00     1
     1     1        278.450         82.000      92560.000          0.000          0.000      -888888.0      -888888.0
     0     0
PUNTA_NEGRA                                -31.51920   -68.81780   800.00000 2026-05-16 23:30:00     1
     1     1        278.450         81.000      92560.000          0.010          0.111      -888888.0      -888888.0
     0     0
VALLE_FERTIL                               -30.63350   -67.46820   900.00000 2026-05-16 00:00:00     1
     1     1        283.150         86.000      91310.000          0.548         -0.200      -888888.0      -888888.0
     0     0
VALLE_FERTIL                               -30.63350   -67.46820   900.00000 2026-05-16 00:30:00     1
     1     1        283.450         86.000      91320.000          0.732         -0.552      -888888.0      -888888.0
     0     0
VALLE_FERTIL                               -30.63350   -67.46820   900.00000 2026-05-16 01:00:00     1
     1     1        283.150         88.000      91310.000          0.486         -0.269      -888888.0      -888888.0
     0     0
VALLE_FERTIL                               -30.63350   -67.46820   900.00000 2026-05-16 01:30:00     1
     1     1        283.250         86.000      91280.000          0.700         -0.269      -888888.0      -888888.0
     0     0
VALLE_FERTIL                               -30.63350   -67.46820   900.00000 2026-05-16 02:00:00     1
     1     1        282.750         86.000      91260.000          0.580         -0.061      -888888.0      -888888.0
     0     0
VALLE_FERTIL                               -30.63350   -67.46820   900.00000 2026-05-16 02:30:00     1
     1     1        283.550         84.000      91260.000          0.702         -0.632      -888888.0      -888888.0
     0     0
VALLE_FERTIL                               -30.63350   -67.46820   900.00000 2026-05-16 03:00:00     1
     1     1        283.350         84.000      91260.000          0.794          0.458      -888888.0      -888888.0
     0     0
VALLE_FERTIL                               -30.63350   -67.46820   900.00000 2026-05-16 03:30:00     1
     1     1        281.450         89.000      91250.000          0.818         -0.711      -888888.0      -888888.0
     0     0
VALLE_FERTIL                               -30.63350   -67.46820   900.00000 2026-05-16 04:00:00     1
     1     1        280.250         91.000      91230.000          0.954         -0.719      -888888.0      -888888.0
     0     0
VALLE_FERTIL                               -30.63350   -67.46820   900.00000 2026-05-16 04:30:00     1
     1     1        279.450         92.000      91230.000          0.805         -0.805      -888888.0      -888888.0
     0     0
VALLE_FERTIL                               -30.63350   -67.46820   900.00000 2026-05-16 05:00:00     1
     1     1        279.550         93.000      91260.000         -0.065         -0.153      -888888.0      -888888.0
     0     0
VALLE_FERTIL                               -30.63350   -67.46820   900.00000 2026-05-16 05:30:00     1
     1     1        278.150         93.000      91290.000          0.144         -0.537      -888888.0      -888888.0
     0     0
VALLE_FERTIL                               -30.63350   -67.46820   900.00000 2026-05-16 06:00:00     1
     1     1        277.550         94.000      91300.000          0.237         -0.273      -888888.0      -888888.0
     0     0
VALLE_FERTIL                               -30.63350   -67.46820   900.00000 2026-05-16 06:30:00     1
     1     1        277.350         94.000      91320.000          0.437         -0.540      -888888.0      -888888.0
     0     0
VALLE_FERTIL                               -30.63350   -67.46820   900.00000 2026-05-16 07:00:00     1
     1     1        279.950         91.000      91380.000          0.885         -0.717      -888888.0      -888888.0
     0     0
VALLE_FERTIL                               -30.63350   -67.46820   900.00000 2026-05-16 07:30:00     1
     1     1        280.750         90.000      91410.000          0.139         -0.990      -888888.0      -888888.0
     0     0
VALLE_FERTIL                               -30.63350   -67.46820   900.00000 2026-05-16 08:00:00     1
     1     1        281.350         88.000      91430.000         -0.823         -1.221      -888888.0      -888888.0
     0     0
VALLE_FERTIL                               -30.63350   -67.46820   900.00000 2026-05-16 08:30:00     1
     1     1        281.850         83.000      91490.000         -0.129          0.396      -888888.0      -888888.0
     0     0
VALLE_FERTIL                               -30.63350   -67.46820   900.00000 2026-05-16 09:00:00     1
     1     1        282.250         83.000      91540.000         -0.077          0.438      -888888.0      -888888.0
     0     0
VALLE_FERTIL                               -30.63350   -67.46820   900.00000 2026-05-16 09:30:00     1
     1     1        282.750         81.000      91600.000         -0.095          0.772      -888888.0      -888888.0
     0     0
VALLE_FERTIL                               -30.63350   -67.46820   900.00000 2026-05-16 10:00:00     1
     1     1        283.050         79.000      91630.000         -0.161          0.647      -888888.0      -888888.0
     0     0
VALLE_FERTIL                               -30.63350   -67.46820   900.00000 2026-05-16 10:30:00     1
     1     1        283.650         80.000      91690.000         -0.449          0.327      -888888.0      -888888.0
     0     0
VALLE_FERTIL                               -30.63350   -67.46820   900.00000 2026-05-16 11:30:00     1
     1     1        284.450         78.000      91760.000         -0.458          0.794      -888888.0      -888888.0
     0     0
VALLE_FERTIL                               -30.63350   -67.46820   900.00000 2026-05-16 12:00:00     1
     1     1        283.550         84.000      91780.000         -1.637          0.439      -888888.0      -888888.0
     0     0
VALLE_FERTIL                               -30.63350   -67.46820   900.00000 2026-05-16 12:30:00     1
     1     1        283.250         84.000      91770.000         -0.440          0.425      -888888.0      -888888.0
     0     0
VALLE_FERTIL                               -30.63350   -67.46820   900.00000 2026-05-16 13:00:00     1
     1     1        283.350         84.000      91770.000         -0.109          0.023      -888888.0      -888888.0
     0     0
VALLE_FERTIL                               -30.63350   -67.46820   900.00000 2026-05-16 13:30:00     1
     1     1        283.450         83.000      91760.000         -0.234         -0.311      -888888.0      -888888.0
     0     0
VALLE_FERTIL                               -30.63350   -67.46820   900.00000 2026-05-16 14:00:00     1
     1     1        283.350         74.000      91770.000         -1.522         -0.133      -888888.0      -888888.0
     0     0
VALLE_FERTIL                               -30.63350   -67.46820   900.00000 2026-05-16 14:30:00     1
     1     1        282.650         74.000      91780.000         -2.047          0.999      -888888.0      -888888.0
     0     0
VALLE_FERTIL                               -30.63350   -67.46820   900.00000 2026-05-16 15:00:00     1
     1     1        281.750         79.000      91800.000         -2.153          1.097      -888888.0      -888888.0
     0     0
VALLE_FERTIL                               -30.63350   -67.46820   900.00000 2026-05-16 15:30:00     1
     1     1        280.650         83.000      91830.000         -1.947          0.950      -888888.0      -888888.0
     0     0
VALLE_FERTIL                               -30.63350   -67.46820   900.00000 2026-05-16 16:00:00     1
     1     1        280.350         84.000      91860.000         -1.658          1.602      -888888.0      -888888.0
     0     0
VALLE_FERTIL                               -30.63350   -67.46820   900.00000 2026-05-16 16:30:00     1
     1     1        280.250         85.000      91900.000         -1.138          0.889      -888888.0      -888888.0
     0     0
VALLE_FERTIL                               -30.63350   -67.46820   900.00000 2026-05-16 17:00:00     1
     1     1        280.050         85.000      91930.000         -1.620          0.495      -888888.0      -888888.0
     0     0
VALLE_FERTIL                               -30.63350   -67.46820   900.00000 2026-05-16 17:30:00     1
     1     1        279.950         84.000      91960.000         -1.202          0.345      -888888.0      -888888.0
     0     0
VALLE_FERTIL                               -30.63350   -67.46820   900.00000 2026-05-16 18:00:00     1
     1     1        279.950         83.000      91990.000         -0.860          0.045      -888888.0      -888888.0
     0     0
VALLE_FERTIL                               -30.63350   -67.46820   900.00000 2026-05-16 18:30:00     1
     1     1        279.650         85.000      92030.000         -1.087         -0.231      -888888.0      -888888.0
     0     0
VALLE_FERTIL                               -30.63350   -67.46820   900.00000 2026-05-16 19:00:00     1
     1     1        279.450         86.000      92080.000         -0.636         -0.397      -888888.0      -888888.0
     0     0
VALLE_FERTIL                               -30.63350   -67.46820   900.00000 2026-05-16 19:30:00     1
     1     1        279.350         86.000      92120.000         -0.315         -0.389      -888888.0      -888888.0
     0     0
VALLE_FERTIL                               -30.63350   -67.46820   900.00000 2026-05-16 20:00:00     1
     1     1        279.350         85.000      92140.000         -0.189         -0.203      -888888.0      -888888.0
     0     0
VALLE_FERTIL                               -30.63350   -67.46820   900.00000 2026-05-16 20:30:00     1
     1     1        279.250         85.000      92180.000          0.075         -0.325      -888888.0      -888888.0
     0     0
VALLE_FERTIL                               -30.63350   -67.46820   900.00000 2026-05-16 21:00:00     1
     1     1        279.150         85.000      92210.000         -0.074         -0.466      -888888.0      -888888.0
     0     0
VALLE_FERTIL                               -30.63350   -67.46820   900.00000 2026-05-16 21:30:00     1
     1     1        278.950         85.000      92230.000         -0.074         -0.607      -888888.0      -888888.0
     0     0
VALLE_FERTIL                               -30.63350   -67.46820   900.00000 2026-05-16 22:00:00     1
     1     1        278.750         86.000      92250.000         -0.315         -0.229      -888888.0      -888888.0
     0     0
VALLE_FERTIL                               -30.63350   -67.46820   900.00000 2026-05-16 22:30:00     1
     1     1        278.650         86.000      92270.000         -0.080          0.024      -888888.0      -888888.0
     0     0
VALLE_FERTIL                               -30.63350   -67.46820   900.00000 2026-05-16 23:00:00     1
     1     1        278.550         87.000      92290.000         -0.109         -0.021      -888888.0      -888888.0
     0     0
VALLE_FERTIL                               -30.63350   -67.46820   900.00000 2026-05-16 23:30:00     1
     1     1        278.550         87.000      92300.000          0.207         -0.424      -888888.0      -888888.0
     0     0
CUESTA_Viento                              -30.18330   -69.06670  1530.00000 2026-05-16 00:00:00     1
     1     1        285.050         53.000      84790.000         -3.196          2.497      -888888.0      -888888.0
     0     0
CUESTA_Viento                              -30.18330   -69.06670  1530.00000 2026-05-16 00:30:00     1
     1     1        284.850         53.000      84810.000         -3.812          1.463      -888888.0      -888888.0
     0     0
CUESTA_Viento                              -30.18330   -69.06670  1530.00000 2026-05-16 01:00:00     1
     1     1        284.450         55.000      84820.000         -3.564          1.816      -888888.0      -888888.0
     0     0
CUESTA_Viento                              -30.18330   -69.06670  1530.00000 2026-05-16 01:30:00     1
     1     1        284.050         57.000      84800.000         -3.650          1.702      -888888.0      -888888.0
     0     0
CUESTA_Viento                              -30.18330   -69.06670  1530.00000 2026-05-16 02:00:00     1
     1     1        284.050         58.000      84770.000         -2.770          2.770      -888888.0      -888888.0
     0     0
CUESTA_Viento                              -30.18330   -69.06670  1530.00000 2026-05-16 02:30:00     1
     1     1        283.750         59.000      84750.000         -0.726          4.582      -888888.0      -888888.0
     0     0
CUESTA_Viento                              -30.18330   -69.06670  1530.00000 2026-05-16 03:00:00     1
     1     1        283.450         61.000      84750.000         -1.212          5.251      -888888.0      -888888.0
     0     0
CUESTA_Viento                              -30.18330   -69.06670  1530.00000 2026-05-16 03:30:00     1
     1     1        283.250         64.000      84740.000          1.080          6.128      -888888.0      -888888.0
     0     0
CUESTA_Viento                              -30.18330   -69.06670  1530.00000 2026-05-16 04:00:00     1
     1     1        283.450         64.000      84780.000          1.244          7.058      -888888.0      -888888.0
     0     0
CUESTA_Viento                              -30.18330   -69.06670  1530.00000 2026-05-16 04:30:00     1
     1     1        283.350         65.000      84790.000         -0.665          6.326      -888888.0      -888888.0
     0     0
CUESTA_Viento                              -30.18330   -69.06670  1530.00000 2026-05-16 05:00:00     1
     1     1        283.250         65.000      84780.000          0.775          6.314      -888888.0      -888888.0
     0     0
CUESTA_Viento                              -30.18330   -69.06670  1530.00000 2026-05-16 05:30:00     1
     1     1        282.750         66.000      84800.000          1.593          5.554      -888888.0      -888888.0
     0     0
CUESTA_Viento                              -30.18330   -69.06670  1530.00000 2026-05-16 06:00:00     1
     1     1        282.150         68.000      84840.000          1.876          6.542      -888888.0      -888888.0
     0     0
CUESTA_Viento                              -30.18330   -69.06670  1530.00000 2026-05-16 06:30:00     1
     1     1        282.050         68.000      84850.000          1.212          5.251      -888888.0      -888888.0
     0     0
CUESTA_Viento                              -30.18330   -69.06670  1530.00000 2026-05-16 07:00:00     1
     1     1        282.150         69.000      84890.000          1.655          4.806      -888888.0      -888888.0
     0     0
CUESTA_Viento                              -30.18330   -69.06670  1530.00000 2026-05-16 07:30:00     1
     1     1        282.250         71.000      84900.000         -0.360          5.154      -888888.0      -888888.0
     0     0
CUESTA_Viento                              -30.18330   -69.06670  1530.00000 2026-05-16 08:00:00     1
     1     1        282.350         70.000      84960.000          0.249          4.743      -888888.0      -888888.0
     0     0
CUESTA_Viento                              -30.18330   -69.06670  1530.00000 2026-05-16 08:30:00     1
     1     1        282.450         69.000      85020.000          2.203          4.948      -888888.0      -888888.0
     0     0
CUESTA_Viento                              -30.18330   -69.06670  1530.00000 2026-05-16 09:00:00     1
     1     1        282.550         68.000      85030.000          3.200          4.744      -888888.0      -888888.0
     0     0
CUESTA_Viento                              -30.18330   -69.06670  1530.00000 2026-05-16 09:30:00     1
     1     1        282.650         67.000      85060.000          2.944          5.100      -888888.0      -888888.0
     0     0
CUESTA_Viento                              -30.18330   -69.06670  1530.00000 2026-05-16 10:00:00     1
     1     1        282.750         68.000      85110.000          2.822          6.648      -888888.0      -888888.0
     0     0
CUESTA_Viento                              -30.18330   -69.06670  1530.00000 2026-05-16 10:30:00     1
     1     1        282.750         69.000      85150.000          3.597          6.231      -888888.0      -888888.0
     0     0
CUESTA_Viento                              -30.18330   -69.06670  1530.00000 2026-05-16 11:00:00     1
     1     1        282.750         66.000      85160.000          3.757          6.778      -888888.0      -888888.0
     0     0
CUESTA_Viento                              -30.18330   -69.06670  1530.00000 2026-05-16 11:30:00     1
     1     1        282.550         66.000      85150.000          1.490          7.010      -888888.0      -888888.0
     0     0
CUESTA_Viento                              -30.18330   -69.06670  1530.00000 2026-05-16 12:00:00     1
     1     1        281.550         73.000      85190.000          2.510          8.208      -888888.0      -888888.0
     0     0
CUESTA_Viento                              -30.18330   -69.06670  1530.00000 2026-05-16 12:30:00     1
     1     1        280.850         74.000      85200.000          3.017          6.470      -888888.0      -888888.0
     0     0
CUESTA_Viento                              -30.18330   -69.06670  1530.00000 2026-05-16 13:00:00     1
     1     1        280.550         72.000      85180.000          4.000          7.216      -888888.0      -888888.0
     0     0
CUESTA_Viento                              -30.18330   -69.06670  1530.00000 2026-05-16 13:30:00     1
     1     1        280.150         70.000      85170.000          3.690          7.565      -888888.0      -888888.0
     0     0
CUESTA_Viento                              -30.18330   -69.06670  1530.00000 2026-05-16 14:00:00     1
     1     1        279.550         71.000      85160.000          4.173          7.848      -888888.0      -888888.0
     0     0
CUESTA_Viento                              -30.18330   -69.06670  1530.00000 2026-05-16 14:30:00     1
     1     1        279.150         70.000      85150.000          4.748          6.300      -888888.0      -888888.0
     0     0
CUESTA_Viento                              -30.18330   -69.06670  1530.00000 2026-05-16 15:00:00     1
     1     1        279.150         68.000      85150.000          3.322          7.461      -888888.0      -888888.0
     0     0
CUESTA_Viento                              -30.18330   -69.06670  1530.00000 2026-05-16 15:30:00     1
     1     1        278.850         68.000      85170.000          3.518          5.630      -888888.0      -888888.0
     0     0
CUESTA_Viento                              -30.18330   -69.06670  1530.00000 2026-05-16 16:00:00     1
     1     1        279.050         65.000      85210.000          4.535          5.405      -888888.0      -888888.0
     0     0
CUESTA_Viento                              -30.18330   -69.06670  1530.00000 2026-05-16 16:30:00     1
     1     1        278.850         66.000      85230.000          3.459          5.536      -888888.0      -888888.0
     0     0
CUESTA_Viento                              -30.18330   -69.06670  1530.00000 2026-05-16 17:00:00     1
     1     1        278.250         69.000      85260.000          3.500          6.062      -888888.0      -888888.0
     0     0
CUESTA_Viento                              -30.18330   -69.06670  1530.00000 2026-05-16 17:30:00     1
     1     1        277.750         71.000      85310.000          3.052          6.546      -888888.0      -888888.0
     0     0
CUESTA_Viento                              -30.18330   -69.06670  1530.00000 2026-05-16 18:00:00     1
     1     1        277.450         73.000      85350.000          3.052          6.546      -888888.0      -888888.0
     0     0
CUESTA_Viento                              -30.18330   -69.06670  1530.00000 2026-05-16 18:30:00     1
     1     1        277.150         73.000      85400.000          2.964          5.816      -888888.0      -888888.0
     0     0
CUESTA_Viento                              -30.18330   -69.06670  1530.00000 2026-05-16 19:00:00     1
     1     1        276.850         74.000      85460.000          3.027          5.940      -888888.0      -888888.0
     0     0
CUESTA_Viento                              -30.18330   -69.06670  1530.00000 2026-05-16 19:30:00     1
     1     1        276.750         74.000      85520.000          3.133          5.214      -888888.0      -888888.0
     0     0
CUESTA_Viento                              -30.18330   -69.06670  1530.00000 2026-05-16 20:00:00     1
     1     1        276.650         75.000      85580.000          2.542          4.402      -888888.0      -888888.0
     0     0
CUESTA_Viento                              -30.18330   -69.06670  1530.00000 2026-05-16 20:30:00     1
     1     1        276.450         75.000      85610.000          2.181          4.898      -888888.0      -888888.0
     0     0
CUESTA_Viento                              -30.18330   -69.06670  1530.00000 2026-05-16 21:00:00     1
     1     1        276.350         75.000      85650.000          3.143          3.745      -888888.0      -888888.0
     0     0
CUESTA_Viento                              -30.18330   -69.06670  1530.00000 2026-05-16 21:30:00     1
     1     1        276.350         75.000      85700.000          2.516          3.731      -888888.0      -888888.0
     0     0
CUESTA_Viento                              -30.18330   -69.06670  1530.00000 2026-05-16 22:00:00     1
     1     1        276.350         75.000      85710.000          2.843          4.214      -888888.0      -888888.0
     0     0
CUESTA_Viento                              -30.18330   -69.06670  1530.00000 2026-05-16 22:30:00     1
     1     1        276.450         74.000      85730.000          1.876          4.212      -888888.0      -888888.0
     0     0
CUESTA_Viento                              -30.18330   -69.06670  1530.00000 2026-05-16 23:00:00     1
     1     1        276.750         72.000      85730.000          2.031          3.251      -888888.0      -888888.0
     0     0
CUESTA_Viento                              -30.18330   -69.06670  1530.00000 2026-05-16 23:30:00     1
     1     1        276.850         72.000      85730.000          1.302          3.068      -888888.0      -888888.0
     0     0
CARACOLES                                  -31.51940   -68.98510   942.00000 2026-05-16 00:00:00     1
     1     1        284.650         67.000      90220.000         -0.013          0.025      -888888.0      -888888.0
     0     0
CARACOLES                                  -31.51940   -68.98510   942.00000 2026-05-16 00:30:00     1
     1     1        284.350         67.000      90220.000         -0.000          0.000      -888888.0      -888888.0
     0     0
CARACOLES                                  -31.51940   -68.98510   942.00000 2026-05-16 01:00:00     1
     1     1        284.150         68.000      90220.000         -0.085          0.071      -888888.0      -888888.0
     0     0
CARACOLES                                  -31.51940   -68.98510   942.00000 2026-05-16 01:30:00     1
     1     1        283.750         69.000      90220.000         -0.002          0.028      -888888.0      -888888.0
     0     0
CARACOLES                                  -31.51940   -68.98510   942.00000 2026-05-16 02:00:00     1
     1     1        283.450         70.000      90230.000          0.005          0.027      -888888.0      -888888.0
     0     0
CARACOLES                                  -31.51940   -68.98510   942.00000 2026-05-16 02:30:00     1
     1     1        283.150         72.000      90250.000         -0.007          0.083      -888888.0      -888888.0
     0     0
CARACOLES                                  -31.51940   -68.98510   942.00000 2026-05-16 03:00:00     1
     1     1        283.150         72.000      90260.000         -0.012          0.025      -888888.0      -888888.0
     0     0
CARACOLES                                  -31.51940   -68.98510   942.00000 2026-05-16 03:30:00     1
     1     1        283.650         70.000      90270.000         -0.054          0.158      -888888.0      -888888.0
     0     0
CARACOLES                                  -31.51940   -68.98510   942.00000 2026-05-16 04:00:00     1
     1     1        284.050         70.000      90270.000         -0.020          0.165      -888888.0      -888888.0
     0     0
CARACOLES                                  -31.51940   -68.98510   942.00000 2026-05-16 04:30:00     1
     1     1        284.050         70.000      90280.000         -0.023          0.016      -888888.0      -888888.0
     0     0
CARACOLES                                  -31.51940   -68.98510   942.00000 2026-05-16 05:00:00     1
     1     1        284.350         70.000      90280.000         -0.000          0.000      -888888.0      -888888.0
     0     0
CARACOLES                                  -31.51940   -68.98510   942.00000 2026-05-16 05:30:00     1
     1     1        284.650         69.000      90280.000         -0.028          0.002      -888888.0      -888888.0
     0     0
CARACOLES                                  -31.51940   -68.98510   942.00000 2026-05-16 06:00:00     1
     1     1        284.550         69.000      90310.000         -0.020          0.081      -888888.0      -888888.0
     0     0
CARACOLES                                  -31.51940   -68.98510   942.00000 2026-05-16 06:30:00     1
     1     1        285.250         67.000      90340.000         -0.167          0.006      -888888.0      -888888.0
     0     0
CARACOLES                                  -31.51940   -68.98510   942.00000 2026-05-16 07:00:00     1
     1     1        285.750         66.000      90370.000         -0.191          0.037      -888888.0      -888888.0
     0     0
CARACOLES                                  -31.51940   -68.98510   942.00000 2026-05-16 07:30:00     1
     1     1        285.750         67.000      90420.000         -0.244          0.227      -888888.0      -888888.0
     0     0
CARACOLES                                  -31.51940   -68.98510   942.00000 2026-05-16 08:00:00     1
     1     1        285.650         67.000      90460.000         -0.526         -0.046      -888888.0      -888888.0
     0     0
CARACOLES                                  -31.51940   -68.98510   942.00000 2026-05-16 08:30:00     1
     1     1        285.250         69.000      90520.000         -1.368          0.241      -888888.0      -888888.0
     0     0
CARACOLES                                  -31.51940   -68.98510   942.00000 2026-05-16 09:00:00     1
     1     1        285.250         65.000      90560.000         -1.494          0.318      -888888.0      -888888.0
     0     0
CARACOLES                                  -31.51940   -68.98510   942.00000 2026-05-16 09:30:00     1
     1     1        284.850         60.000      90640.000         -1.250          0.022      -888888.0      -888888.0
     0     0
CARACOLES                                  -31.51940   -68.98510   942.00000 2026-05-16 10:00:00     1
     1     1        284.150         59.000      90720.000         -0.966         -0.352      -888888.0      -888888.0
     0     0
CARACOLES                                  -31.51940   -68.98510   942.00000 2026-05-16 10:30:00     1
     1     1        283.550         60.000      90780.000         -1.248         -0.975      -888888.0      -888888.0
     0     0
CARACOLES                                  -31.51940   -68.98510   942.00000 2026-05-16 11:00:00     1
     1     1        283.350         60.000      90820.000         -1.089         -0.333      -888888.0      -888888.0
     0     0
CARACOLES                                  -31.51940   -68.98510   942.00000 2026-05-16 11:30:00     1
     1     1        283.050         62.000      90870.000         -1.213         -0.149      -888888.0      -888888.0
     0     0
CARACOLES                                  -31.51940   -68.98510   942.00000 2026-05-16 12:00:00     1
     1     1        282.250         67.000      90890.000         -0.914         -0.852      -888888.0      -888888.0
     0     0
CARACOLES                                  -31.51940   -68.98510   942.00000 2026-05-16 12:30:00     1
     1     1        281.250         77.000      90900.000         -0.668         -0.340      -888888.0      -888888.0
     0     0
CARACOLES                                  -31.51940   -68.98510   942.00000 2026-05-16 13:00:00     1
     1     1        280.650         82.000      90910.000         -0.942         -0.066      -888888.0      -888888.0
     0     0
CARACOLES                                  -31.51940   -68.98510   942.00000 2026-05-16 13:30:00     1
     1     1        280.850         78.000      90880.000         -0.868         -0.899      -888888.0      -888888.0
     0     0
CARACOLES                                  -31.51940   -68.98510   942.00000 2026-05-16 14:00:00     1
     1     1        281.650         69.000      90850.000         -0.760         -0.404      -888888.0      -888888.0
     0     0
CARACOLES                                  -31.51940   -68.98510   942.00000 2026-05-16 14:30:00     1
     1     1        281.850         67.000      90830.000         -1.100          0.295      -888888.0      -888888.0
     0     0
CARACOLES                                  -31.51940   -68.98510   942.00000 2026-05-16 15:00:00     1
     1     1        281.750         67.000      90830.000         -0.836          0.208      -888888.0      -888888.0
     0     0
CARACOLES                                  -31.51940   -68.98510   942.00000 2026-05-16 15:30:00     1
     1     1        281.650         67.000      90840.000         -0.982         -0.191      -888888.0      -888888.0
     0     0
CARACOLES                                  -31.51940   -68.98510   942.00000 2026-05-16 16:00:00     1
     1     1        281.450         67.000      90870.000         -0.957         -0.169      -888888.0      -888888.0
     0     0
CARACOLES                                  -31.51940   -68.98510   942.00000 2026-05-16 16:30:00     1
     1     1        281.350         65.000      90900.000         -1.182         -0.407      -888888.0      -888888.0
     0     0
CARACOLES                                  -31.51940   -68.98510   942.00000 2026-05-16 17:00:00     1
     1     1        280.950         67.000      90940.000         -1.302          0.091      -888888.0      -888888.0
     0     0
CARACOLES                                  -31.51940   -68.98510   942.00000 2026-05-16 17:30:00     1
     1     1        280.850         67.000      90970.000         -1.194         -0.021      -888888.0      -888888.0
     0     0
CARACOLES                                  -31.51940   -68.98510   942.00000 2026-05-16 18:00:00     1
     1     1        280.650         68.000      91000.000         -1.288          0.345      -888888.0      -888888.0
     0     0
CARACOLES                                  -31.51940   -68.98510   942.00000 2026-05-16 18:30:00     1
     1     1        280.150         71.000      91040.000         -0.726          0.279      -888888.0      -888888.0
     0     0
CARACOLES                                  -31.51940   -68.98510   942.00000 2026-05-16 19:00:00     1
     1     1        280.050         72.000      91080.000         -1.000          0.601      -888888.0      -888888.0
     0     0
CARACOLES                                  -31.51940   -68.98510   942.00000 2026-05-16 19:30:00     1
     1     1        280.250         71.000      91110.000         -0.772          0.720      -888888.0      -888888.0
     0     0
CARACOLES                                  -31.51940   -68.98510   942.00000 2026-05-16 20:00:00     1
     1     1        280.250         70.000      91120.000         -0.165          0.103      -888888.0      -888888.0
     0     0
CARACOLES                                  -31.51940   -68.98510   942.00000 2026-05-16 20:30:00     1
     1     1        280.350         71.000      91150.000         -0.481         -0.278      -888888.0      -888888.0
     0     0
CARACOLES                                  -31.51940   -68.98510   942.00000 2026-05-16 21:00:00     1
     1     1        280.150         71.000      91170.000         -0.520         -0.265      -888888.0      -888888.0
     0     0
CARACOLES                                  -31.51940   -68.98510   942.00000 2026-05-16 21:30:00     1
     1     1        279.850         74.000      91190.000         -0.571         -0.121      -888888.0      -888888.0
     0     0
CARACOLES                                  -31.51940   -68.98510   942.00000 2026-05-16 22:00:00     1
     1     1        279.550         79.000      91200.000         -0.700         -0.269      -888888.0      -888888.0
     0     0
CARACOLES                                  -31.51940   -68.98510   942.00000 2026-05-16 22:30:00     1
     1     1        279.350         79.000      91200.000         -0.644         -0.328      -888888.0      -888888.0
     0     0
CARACOLES                                  -31.51940   -68.98510   942.00000 2026-05-16 23:00:00     1
     1     1        279.250         80.000      91200.000         -0.402         -0.108      -888888.0      -888888.0
     0     0
CARACOLES                                  -31.51940   -68.98510   942.00000 2026-05-16 23:30:00     1
     1     1        279.050         81.000      91210.000         -0.429         -0.258      -888888.0      -888888.0
     0     0
