ECOHUMUS                                   -31.65000   -68.30000   600.00000 2026-08-06 00:00:00     1
     1     1        285.850         71.000      93510.000          0.128         -1.829      -888888.0      -888888.0
     0     0
ECOHUMUS                                   -31.65000   -68.30000   600.00000 2026-08-06 00:05:00     1
     1     1        286.550         69.000      93520.000          0.345         -1.288      -888888.0      -888888.0
     0     0
ECOHUMUS                                   -31.65000   -68.30000   600.00000 2026-08-06 00:10:00     1
     1     1        286.650         69.000      93520.000          1.036         -0.839      -888888.0      -888888.0
     0     0
ECOHUMUS                                   -31.65000   -68.30000   600.00000 2026-08-06 00:15:00     1
     1     1        286.350         70.000      93510.000          0.786         -0.786      -888888.0      -888888.0
     0     0
ECOHUMUS                                   -31.65000   -68.30000   600.00000 2026-08-06 00:20:00     1
     1     1        286.350         70.000      93500.000          0.208         -0.978      -888888.0      -888888.0
     0     0
ECOHUMUS                                   -31.65000   -68.30000   600.00000 2026-08-06 00:25:00     1
     1     1        286.850         68.000      93470.000         -0.787         -1.310      -888888.0      -888888.0
     0     0
ECOHUMUS                                   -31.65000   -68.30000   600.00000 2026-08-06 00:30:00     1
     1     1        286.850         68.000      93470.000         -0.243         -1.141      -888888.0      -888888.0
     0     0
ECOHUMUS                                   -31.65000   -68.30000   600.00000 2026-08-06 00:35:00     1
     1     1        286.850         67.000      93460.000         -0.000         -0.972      -888888.0      -888888.0
     0     0
ECOHUMUS                                   -31.65000   -68.30000   600.00000 2026-08-06 00:40:00     1
     1     1        286.650         67.000      93460.000         -0.282         -0.604      -888888.0      -888888.0
     0     0
ECOHUMUS                                   -31.65000   -68.30000   600.00000 2026-08-06 00:45:00     1
     1     1        287.150         65.000      93480.000          0.169         -0.731      -888888.0      -888888.0
     0     0
ECOHUMUS                                   -31.65000   -68.30000   600.00000 2026-08-06 00:50:00     1
     1     1        286.650         67.000      93470.000         -0.767          1.056      -888888.0      -888888.0
     0     0
ECOHUMUS                                   -31.65000   -68.30000   600.00000 2026-08-06 00:55:00     1
     1     1        285.350         70.000      93470.000         -0.249          0.648      -888888.0      -888888.0
     0     0
ECOHUMUS                                   -31.65000   -68.30000   600.00000 2026-08-06 01:00:00     1
     1     1        285.250         70.000      93480.000         -0.100          0.259      -888888.0      -888888.0
     0     0
ECOHUMUS                                   -31.65000   -68.30000   600.00000 2026-08-06 01:05:00     1
     1     1        284.850         71.000      93480.000          0.163          0.502      -888888.0      -888888.0
     0     0
ECOHUMUS                                   -31.65000   -68.30000   600.00000 2026-08-06 01:10:00     1
     1     1        284.350         73.000      93460.000          0.184          0.641      -888888.0      -888888.0
     0     0
ECOHUMUS                                   -31.65000   -68.30000   600.00000 2026-08-06 01:15:00     1
     1     1        284.850         72.000      93470.000         -0.138          0.452      -888888.0      -888888.0
     0     0
ECOHUMUS                                   -31.65000   -68.30000   600.00000 2026-08-06 01:20:00     1
     1     1        285.050         71.000      93450.000         -0.310          0.186      -888888.0      -888888.0
     0     0
ECOHUMUS                                   -31.65000   -68.30000   600.00000 2026-08-06 01:25:00     1
     1     1        285.050         70.000      93450.000          0.146          0.361      -888888.0      -888888.0
     0     0
ECOHUMUS                                   -31.65000   -68.30000   600.00000 2026-08-06 01:30:00     1
     1     1        285.150         70.000      93440.000          0.029          0.276      -888888.0      -888888.0
     0     0
ECOHUMUS                                   -31.65000   -68.30000   600.00000 2026-08-06 01:35:00     1
     1     1        285.950         66.000      93420.000          0.579          0.270      -888888.0      -888888.0
     0     0
ECOHUMUS                                   -31.65000   -68.30000   600.00000 2026-08-06 01:40:00     1
     1     1        287.450         60.000      93420.000          0.270          0.280      -888888.0      -888888.0
     0     0
ECOHUMUS                                   -31.65000   -68.30000   600.00000 2026-08-06 01:45:00     1
     1     1        286.950         61.000      93410.000          0.462          0.098      -888888.0      -888888.0
     0     0
ECOHUMUS                                   -31.65000   -68.30000   600.00000 2026-08-06 01:50:00     1
     1     1        287.450         58.000      93390.000          0.444         -0.162      -888888.0      -888888.0
     0     0
ECOHUMUS                                   -31.65000   -68.30000   600.00000 2026-08-06 01:55:00     1
     1     1        287.850         55.000      93390.000          0.752         -0.289      -888888.0      -888888.0
     0     0
ECOHUMUS                                   -31.65000   -68.30000   600.00000 2026-08-06 02:00:00     1
     1     1        288.750         49.000      93380.000          0.629         -0.629      -888888.0      -888888.0
     0     0
ECOHUMUS                                   -31.65000   -68.30000   600.00000 2026-08-06 02:05:00     1
     1     1        288.850         51.000      93390.000          0.040         -0.073      -888888.0      -888888.0
     0     0
ECOHUMUS                                   -31.65000   -68.30000   600.00000 2026-08-06 02:10:00     1
     1     1        287.950         52.000      93390.000          0.013         -0.024      -888888.0      -888888.0
     0     0
ECOHUMUS                                   -31.65000   -68.30000   600.00000 2026-08-06 02:15:00     1
     1     1        287.850         47.000      93410.000          0.736          0.143      -888888.0      -888888.0
     0     0
ECOHUMUS                                   -31.65000   -68.30000   600.00000 2026-08-06 02:20:00     1
     1     1        289.450         37.000      93400.000          0.647          0.161      -888888.0      -888888.0
     0     0
ECOHUMUS                                   -31.65000   -68.30000   600.00000 2026-08-06 02:25:00     1
     1     1        289.050         45.000      93390.000          0.227          0.349      -888888.0      -888888.0
     0     0
ECOHUMUS                                   -31.65000   -68.30000   600.00000 2026-08-06 02:30:00     1
     1     1        286.950         49.000      93360.000          0.886          1.176      -888888.0      -888888.0
     0     0
ECOHUMUS                                   -31.65000   -68.30000   600.00000 2026-08-06 02:35:00     1
     1     1        288.150         43.000      93380.000          0.083         -0.521      -888888.0      -888888.0
     0     0
ECOHUMUS                                   -31.65000   -68.30000   600.00000 2026-08-06 02:40:00     1
     1     1        287.850         44.000      93360.000          0.175          0.250      -888888.0      -888888.0
     0     0
ECOHUMUS                                   -31.65000   -68.30000   600.00000 2026-08-06 02:45:00     1
     1     1        287.950         33.000      93350.000         -1.013          0.683      -888888.0      -888888.0
     0     0
ECOHUMUS                                   -31.65000   -68.30000   600.00000 2026-08-06 02:50:00     1
     1     1        294.950         15.000      93350.000          2.163         -3.331      -888888.0      -888888.0
     0     0
ECOHUMUS                                   -31.65000   -68.30000   600.00000 2026-08-06 02:55:00     1
     1     1        296.650         14.000      93340.000          3.680         -1.340      -888888.0      -888888.0
     0     0
ECOHUMUS                                   -31.65000   -68.30000   600.00000 2026-08-06 03:00:00     1
     1     1        297.350         13.000      93340.000          3.960         -2.195      -888888.0      -888888.0
     0     0
ECOHUMUS                                   -31.65000   -68.30000   600.00000 2026-08-06 03:05:00     1
     1     1        297.450         12.000      93350.000          4.096         -3.956      -888888.0      -888888.0
     0     0
ECOHUMUS                                   -31.65000   -68.30000   600.00000 2026-08-06 03:10:00     1
     1     1        297.850         12.000      93350.000          3.109         -4.126      -888888.0      -888888.0
     0     0
ECOHUMUS                                   -31.65000   -68.30000   600.00000 2026-08-06 03:15:00     1
     1     1        297.850         12.000      93350.000          3.461         -4.764      -888888.0      -888888.0
     0     0
ECOHUMUS                                   -31.65000   -68.30000   600.00000 2026-08-06 03:20:00     1
     1     1        297.550         12.000      93350.000          1.914         -4.104      -888888.0      -888888.0
     0     0
ECOHUMUS                                   -31.65000   -68.30000   600.00000 2026-08-06 03:25:00     1
     1     1        297.350         12.000      93350.000          2.788         -3.208      -888888.0      -888888.0
     0     0
ECOHUMUS                                   -31.65000   -68.30000   600.00000 2026-08-06 03:30:00     1
     1     1        296.950         13.000      93360.000          2.480         -1.737      -888888.0      -888888.0
     0     0
ECOHUMUS                                   -31.65000   -68.30000   600.00000 2026-08-06 03:35:00     1
     1     1        296.950         12.000      93360.000          3.646         -1.185      -888888.0      -888888.0
     0     0
ECOHUMUS                                   -31.65000   -68.30000   600.00000 2026-08-06 03:40:00     1
     1     1        296.950         12.000      93360.000          1.729         -3.545      -888888.0      -888888.0
     0     0
ECOHUMUS                                   -31.65000   -68.30000   600.00000 2026-08-06 03:45:00     1
     1     1        296.950         12.000      93350.000          0.404         -3.840      -888888.0      -888888.0
     0     0
ECOHUMUS                                   -31.65000   -68.30000   600.00000 2026-08-06 03:50:00     1
     1     1        297.150         12.000      93350.000          2.119         -3.026      -888888.0      -888888.0
     0     0
ECOHUMUS                                   -31.65000   -68.30000   600.00000 2026-08-06 03:55:00     1
     1     1        296.650         13.000      93360.000          1.659         -1.718      -888888.0      -888888.0
     0     0
ECOHUMUS                                   -31.65000   -68.30000   600.00000 2026-08-06 04:00:00     1
     1     1        296.350         13.000      93380.000          1.837         -1.654      -888888.0      -888888.0
     0     0
ECOHUMUS                                   -31.65000   -68.30000   600.00000 2026-08-06 04:05:00     1
     1     1        295.950         13.000      93380.000          1.614         -0.285      -888888.0      -888888.0
     0     0
ECOHUMUS                                   -31.65000   -68.30000   600.00000 2026-08-06 04:10:00     1
     1     1        295.450         14.000      93370.000          1.079         -0.094      -888888.0      -888888.0
     0     0
ECOHUMUS                                   -31.65000   -68.30000   600.00000 2026-08-06 04:15:00     1
     1     1        294.850         14.000      93370.000          1.306          0.000      -888888.0      -888888.0
     0     0
ECOHUMUS                                   -31.65000   -68.30000   600.00000 2026-08-06 04:20:00     1
     1     1        294.850         14.000      93390.000          0.882         -0.108      -888888.0      -888888.0
     0     0
ECOHUMUS                                   -31.65000   -68.30000   600.00000 2026-08-06 04:25:00     1
     1     1        294.550         14.000      93390.000          0.406         -1.415      -888888.0      -888888.0
     0     0
ECOHUMUS                                   -31.65000   -68.30000   600.00000 2026-08-06 05:00:00     1
     1     1        283.850         72.000      93490.000         -0.728          1.803      -888888.0      -888888.0
     0     0
ECOHUMUS                                   -31.65000   -68.30000   600.00000 2026-08-06 05:05:00     1
     1     1        283.050         77.000      93530.000         -0.786          0.786      -888888.0      -888888.0
     0     0
ECOHUMUS                                   -31.65000   -68.30000   600.00000 2026-08-06 05:10:00     1
     1     1        282.750         80.000      93550.000         -0.970          1.287      -888888.0      -888888.0
     0     0
ECOHUMUS                                   -31.65000   -68.30000   600.00000 2026-08-06 05:15:00     1
     1     1        282.550         81.000      93550.000         -0.821          0.979      -888888.0      -888888.0
     0     0
ECOHUMUS                                   -31.65000   -68.30000   600.00000 2026-08-06 05:20:00     1
     1     1        282.450         83.000      93600.000         -0.548          1.426      -888888.0      -888888.0
     0     0
ECOHUMUS                                   -31.65000   -68.30000   600.00000 2026-08-06 05:25:00     1
     1     1        283.050         84.000      93620.000         -0.101          2.887      -888888.0      -888888.0
     0     0
ECOHUMUS                                   -31.65000   -68.30000   600.00000 2026-08-06 05:30:00     1
     1     1        284.250         87.000      93650.000         -1.042          3.891      -888888.0      -888888.0
     0     0
ECOHUMUS                                   -31.65000   -68.30000   600.00000 2026-08-06 05:35:00     1
     1     1        284.350         91.000      93670.000         -2.395          2.957      -888888.0      -888888.0
     0     0
ECOHUMUS                                   -31.65000   -68.30000   600.00000 2026-08-06 05:40:00     1
     1     1        284.250         92.000      93710.000         -2.361          2.622      -888888.0      -888888.0
     0     0
ECOHUMUS                                   -31.65000   -68.30000   600.00000 2026-08-06 05:45:00     1
     1     1        284.350         93.000      93740.000         -3.034          2.204      -888888.0      -888888.0
     0     0
ECOHUMUS                                   -31.65000   -68.30000   600.00000 2026-08-06 05:50:00     1
     1     1        284.450         94.000      93740.000         -2.531          3.240      -888888.0      -888888.0
     0     0
ECOHUMUS                                   -31.65000   -68.30000   600.00000 2026-08-06 05:55:00     1
     1     1        284.350         94.000      93750.000         -2.098          2.026      -888888.0      -888888.0
     0     0
ECOHUMUS                                   -31.65000   -68.30000   600.00000 2026-08-06 06:00:00     1
     1     1        283.450         95.000      93770.000         -2.144          1.340      -888888.0      -888888.0
     0     0
ECOHUMUS                                   -31.65000   -68.30000   600.00000 2026-08-06 06:05:00     1
     1     1        283.750         95.000      93790.000         -2.102          2.102      -888888.0      -888888.0
     0     0
ECOHUMUS                                   -31.65000   -68.30000   600.00000 2026-08-06 06:10:00     1
     1     1        283.950         95.000      93810.000         -1.135          2.134      -888888.0      -888888.0
     0     0
ECOHUMUS                                   -31.65000   -68.30000   600.00000 2026-08-06 06:15:00     1
     1     1        284.250         96.000      93820.000         -1.674          2.786      -888888.0      -888888.0
     0     0
ECOHUMUS                                   -31.65000   -68.30000   600.00000 2026-08-06 06:20:00     1
     1     1        284.350         95.000      93840.000         -1.856          2.462      -888888.0      -888888.0
     0     0
ECOHUMUS                                   -31.65000   -68.30000   600.00000 2026-08-06 06:25:00     1
     1     1        284.650         94.000      93860.000         -1.039          3.197      -888888.0      -888888.0
     0     0
ECOHUMUS                                   -31.65000   -68.30000   600.00000 2026-08-06 06:30:00     1
     1     1        285.250         93.000      93880.000         -2.086          2.670      -888888.0      -888888.0
     0     0
ECOHUMUS                                   -31.65000   -68.30000   600.00000 2026-08-06 06:35:00     1
     1     1        285.550         92.000      93910.000         -2.098          2.590      -888888.0      -888888.0
     0     0
ECOHUMUS                                   -31.65000   -68.30000   600.00000 2026-08-06 06:40:00     1
     1     1        285.850         91.000      93940.000         -2.119          3.026      -888888.0      -888888.0
     0     0
ECOHUMUS                                   -31.65000   -68.30000   600.00000 2026-08-06 06:45:00     1
     1     1        286.050         91.000      93970.000         -1.629          2.940      -888888.0      -888888.0
     0     0
ECOHUMUS                                   -31.65000   -68.30000   600.00000 2026-08-06 06:50:00     1
     1     1        286.150         91.000      93980.000         -0.610          3.136      -888888.0      -888888.0
     0     0
ECOHUMUS                                   -31.65000   -68.30000   600.00000 2026-08-06 06:55:00     1
     1     1        286.150         91.000      94010.000         -2.041          2.809      -888888.0      -888888.0
     0     0
ECOHUMUS                                   -31.65000   -68.30000   600.00000 2026-08-06 07:00:00     1
     1     1        286.250         91.000      94050.000         -1.039          2.335      -888888.0      -888888.0
     0     0
ECOHUMUS                                   -31.65000   -68.30000   600.00000 2026-08-06 07:05:00     1
     1     1        286.350         91.000      94080.000         -0.466          2.400      -888888.0      -888888.0
     0     0
ECOHUMUS                                   -31.65000   -68.30000   600.00000 2026-08-06 07:10:00     1
     1     1        286.350         91.000      94110.000         -0.986          2.022      -888888.0      -888888.0
     0     0
ECOHUMUS                                   -31.65000   -68.30000   600.00000 2026-08-06 07:15:00     1
     1     1        286.350         91.000      94130.000         -1.352          2.771      -888888.0      -888888.0
     0     0
ECOHUMUS                                   -31.65000   -68.30000   600.00000 2026-08-06 07:20:00     1
     1     1        286.350         91.000      94150.000         -0.808          2.219      -888888.0      -888888.0
     0     0
ECOHUMUS                                   -31.65000   -68.30000   600.00000 2026-08-06 07:25:00     1
     1     1        286.450         90.000      94150.000         -0.595          2.799      -888888.0      -888888.0
     0     0
ECOHUMUS                                   -31.65000   -68.30000   600.00000 2026-08-06 07:30:00     1
     1     1        286.550         90.000      94170.000         -1.619          2.591      -888888.0      -888888.0
     0     0
ECOHUMUS                                   -31.65000   -68.30000   600.00000 2026-08-06 07:35:00     1
     1     1        286.650         90.000      94190.000         -0.886          2.308      -888888.0      -888888.0
     0     0
ECOHUMUS                                   -31.65000   -68.30000   600.00000 2026-08-06 07:40:00     1
     1     1        286.650         90.000      94230.000         -0.271          3.099      -888888.0      -888888.0
     0     0
ECOHUMUS                                   -31.65000   -68.30000   600.00000 2026-08-06 07:45:00     1
     1     1        286.650         90.000      94250.000         -0.114          3.276      -888888.0      -888888.0
     0     0
ECOHUMUS                                   -31.65000   -68.30000   600.00000 2026-08-06 07:50:00     1
     1     1        286.650         91.000      94270.000          0.126          3.609      -888888.0      -888888.0
     0     0
ECOHUMUS                                   -31.65000   -68.30000   600.00000 2026-08-06 07:55:00     1
     1     1        286.550         91.000      94290.000          0.307          3.514      -888888.0      -888888.0
     0     0
ECOHUMUS                                   -31.65000   -68.30000   600.00000 2026-08-06 08:00:00     1
     1     1        286.450         91.000      94300.000          0.108          3.081      -888888.0      -888888.0
     0     0
ECOHUMUS                                   -31.65000   -68.30000   600.00000 2026-08-06 08:05:00     1
     1     1        286.350         91.000      94320.000          0.125          3.581      -888888.0      -888888.0
     0     0
ECOHUMUS                                   -31.65000   -68.30000   600.00000 2026-08-06 08:10:00     1
     1     1        286.350         91.000      94330.000         -1.072          3.506      -888888.0      -888888.0
     0     0
ECOHUMUS                                   -31.65000   -68.30000   600.00000 2026-08-06 08:15:00     1
     1     1        286.250         90.000      94350.000          0.107          3.054      -888888.0      -888888.0
     0     0
ECOHUMUS                                   -31.65000   -68.30000   600.00000 2026-08-06 08:20:00     1
     1     1        286.250         90.000      94380.000         -0.000          2.833      -888888.0      -888888.0
     0     0
ECOHUMUS                                   -31.65000   -68.30000   600.00000 2026-08-06 08:25:00     1
     1     1        286.150         90.000      94380.000          0.193          3.689      -888888.0      -888888.0
     0     0
ECOHUMUS                                   -31.65000   -68.30000   600.00000 2026-08-06 08:30:00     1
     1     1        286.150         90.000      94410.000         -0.138          3.942      -888888.0      -888888.0
     0     0
ECOHUMUS                                   -31.65000   -68.30000   600.00000 2026-08-06 08:35:00     1
     1     1        286.150         90.000      94430.000          0.714          4.049      -888888.0      -888888.0
     0     0
ECOHUMUS                                   -31.65000   -68.30000   600.00000 2026-08-06 08:40:00     1
     1     1        286.250         89.000      94450.000         -0.392          4.483      -888888.0      -888888.0
     0     0
ECOHUMUS                                   -31.65000   -68.30000   600.00000 2026-08-06 08:45:00     1
     1     1        286.150         88.000      94450.000          0.241          4.605      -888888.0      -888888.0
     0     0
ECOHUMUS                                   -31.65000   -68.30000   600.00000 2026-08-06 08:50:00     1
     1     1        286.050         85.000      94480.000         -1.811          5.574      -888888.0      -888888.0
     0     0
ECOHUMUS                                   -31.65000   -68.30000   600.00000 2026-08-06 08:55:00     1
     1     1        286.050         79.000      94500.000         -2.531          5.684      -888888.0      -888888.0
     0     0
ECOHUMUS                                   -31.65000   -68.30000   600.00000 2026-08-06 09:00:00     1
     1     1        286.050         75.000      94540.000         -0.730          4.609      -888888.0      -888888.0
     0     0
ECOHUMUS                                   -31.65000   -68.30000   600.00000 2026-08-06 09:05:00     1
     1     1        286.050         74.000      94560.000         -0.497          4.724      -888888.0      -888888.0
     0     0
ECOHUMUS                                   -31.65000   -68.30000   600.00000 2026-08-06 09:10:00     1
     1     1        285.950         73.000      94580.000         -0.947          4.456      -888888.0      -888888.0
     0     0
ECOHUMUS                                   -31.65000   -68.30000   600.00000 2026-08-06 09:15:00     1
     1     1        285.950         72.000      94580.000         -1.831          4.533      -888888.0      -888888.0
     0     0
ECOHUMUS                                   -31.65000   -68.30000   600.00000 2026-08-06 09:20:00     1
     1     1        286.050         71.000      94600.000         -2.694          4.311      -888888.0      -888888.0
     0     0
ECOHUMUS                                   -31.65000   -68.30000   600.00000 2026-08-06 09:25:00     1
     1     1        286.050         71.000      94610.000         -2.209          3.984      -888888.0      -888888.0
     0     0
ECOHUMUS                                   -31.65000   -68.30000   600.00000 2026-08-06 09:30:00     1
     1     1        286.050         71.000      94610.000         -1.465          4.255      -888888.0      -888888.0
     0     0
ECOHUMUS                                   -31.65000   -68.30000   600.00000 2026-08-06 09:35:00     1
     1     1        286.050         72.000      94660.000         -0.971          3.622      -888888.0      -888888.0
     0     0
ECOHUMUS                                   -31.65000   -68.30000   600.00000 2026-08-06 09:40:00     1
     1     1        286.050         72.000      94670.000         -1.652          4.305      -888888.0      -888888.0
     0     0
ECOHUMUS                                   -31.65000   -68.30000   600.00000 2026-08-06 09:45:00     1
     1     1        286.250         71.000      94690.000         -1.456          4.229      -888888.0      -888888.0
     0     0
ECOHUMUS                                   -31.65000   -68.30000   600.00000 2026-08-06 09:50:00     1
     1     1        286.550         68.000      94700.000         -2.691          3.572      -888888.0      -888888.0
     0     0
ECOHUMUS                                   -31.65000   -68.30000   600.00000 2026-08-06 09:55:00     1
     1     1        286.350         67.000      94710.000         -3.086          4.752      -888888.0      -888888.0
     0     0
ECOHUMUS                                   -31.65000   -68.30000   600.00000 2026-08-06 10:00:00     1
     1     1        286.350         66.000      94750.000         -3.145          3.372      -888888.0      -888888.0
     0     0
ECOHUMUS                                   -31.65000   -68.30000   600.00000 2026-08-06 10:05:00     1
     1     1        286.250         65.000      94770.000         -0.726          3.736      -888888.0      -888888.0
     0     0
ECOHUMUS                                   -31.65000   -68.30000   600.00000 2026-08-06 10:10:00     1
     1     1        286.150         63.000      94780.000         -1.284          5.148      -888888.0      -888888.0
     0     0
ECOHUMUS                                   -31.65000   -68.30000   600.00000 2026-08-06 10:15:00     1
     1     1        286.350         61.000      94800.000         -0.916          5.198      -888888.0      -888888.0
     0     0
ECOHUMUS                                   -31.65000   -68.30000   600.00000 2026-08-06 10:20:00     1
     1     1        286.550         59.000      94810.000         -0.234          4.466      -888888.0      -888888.0
     0     0
ECOHUMUS                                   -31.65000   -68.30000   600.00000 2026-08-06 10:25:00     1
     1     1        286.550         59.000      94830.000          0.297          5.659      -888888.0      -888888.0
     0     0
ECOHUMUS                                   -31.65000   -68.30000   600.00000 2026-08-06 10:30:00     1
     1     1        286.250         58.000      94860.000         -0.540          6.171      -888888.0      -888888.0
     0     0
ECOHUMUS                                   -31.65000   -68.30000   600.00000 2026-08-06 10:35:00     1
     1     1        285.950         59.000      94880.000         -0.975          5.017      -888888.0      -888888.0
     0     0
ECOHUMUS                                   -31.65000   -68.30000   600.00000 2026-08-06 10:40:00     1
     1     1        286.050         58.000      94890.000         -0.520          4.945      -888888.0      -888888.0
     0     0
ECOHUMUS                                   -31.65000   -68.30000   600.00000 2026-08-06 10:45:00     1
     1     1        286.450         58.000      94890.000          0.626          5.101      -888888.0      -888888.0
     0     0
ECOHUMUS                                   -31.65000   -68.30000   600.00000 2026-08-06 10:50:00     1
     1     1        286.450         58.000      94910.000          0.473          4.503      -888888.0      -888888.0
     0     0
ECOHUMUS                                   -31.65000   -68.30000   600.00000 2026-08-06 10:55:00     1
     1     1        286.550         58.000      94910.000          0.518          4.218      -888888.0      -888888.0
     0     0
ECOHUMUS                                   -31.65000   -68.30000   600.00000 2026-08-06 11:00:00     1
     1     1        286.750         57.000      94940.000         -0.187          5.358      -888888.0      -888888.0
     0     0
ECOHUMUS                                   -31.65000   -68.30000   600.00000 2026-08-06 11:05:00     1
     1     1        286.550         57.000      94940.000         -0.580          4.126      -888888.0      -888888.0
     0     0
ECOHUMUS                                   -31.65000   -68.30000   600.00000 2026-08-06 11:10:00     1
     1     1        286.650         57.000      94950.000          1.022          4.809      -888888.0      -888888.0
     0     0
ECOHUMUS                                   -31.65000   -68.30000   600.00000 2026-08-06 11:15:00     1
     1     1        286.550         57.000      94970.000          0.555          5.276      -888888.0      -888888.0
     0     0
ECOHUMUS                                   -31.65000   -68.30000   600.00000 2026-08-06 11:20:00     1
     1     1        286.750         57.000      94990.000          0.626          5.101      -888888.0      -888888.0
     0     0
ECOHUMUS                                   -31.65000   -68.30000   600.00000 2026-08-06 11:25:00     1
     1     1        286.250         59.000      94990.000          2.260          5.075      -888888.0      -888888.0
     0     0
ECOHUMUS                                   -31.65000   -68.30000   600.00000 2026-08-06 11:30:00     1
     1     1        285.950         59.000      95000.000         -2.021          3.802      -888888.0      -888888.0
     0     0
ECOHUMUS                                   -31.65000   -68.30000   600.00000 2026-08-06 11:35:00     1
     1     1        286.150         59.000      95010.000         -1.549          4.255      -888888.0      -888888.0
     0     0
ECOHUMUS                                   -31.65000   -68.30000   600.00000 2026-08-06 11:40:00     1
     1     1        285.950         59.000      95010.000         -0.253          4.827      -888888.0      -888888.0
     0     0
ECOHUMUS                                   -31.65000   -68.30000   600.00000 2026-08-06 11:45:00     1
     1     1        286.050         60.000      95010.000          0.808          5.749      -888888.0      -888888.0
     0     0
ECOHUMUS                                   -31.65000   -68.30000   600.00000 2026-08-06 11:50:00     1
     1     1        285.650         60.000      95000.000         -1.637          4.754      -888888.0      -888888.0
     0     0
ECOHUMUS                                   -31.65000   -68.30000   600.00000 2026-08-06 11:55:00     1
     1     1        285.950         59.000      95000.000         -1.405          4.596      -888888.0      -888888.0
     0     0
ECOHUMUS                                   -31.65000   -68.30000   600.00000 2026-08-06 12:00:00     1
     1     1        286.150         57.000      94990.000         -1.454          3.994      -888888.0      -888888.0
     0     0
ECOHUMUS                                   -31.65000   -68.30000   600.00000 2026-08-06 12:05:00     1
     1     1        285.950         58.000      95000.000         -0.711          5.061      -888888.0      -888888.0
     0     0
ECOHUMUS                                   -31.65000   -68.30000   600.00000 2026-08-06 12:10:00     1
     1     1        286.150         54.000      95010.000         -2.375          4.868      -888888.0      -888888.0
     0     0
ECOHUMUS                                   -31.65000   -68.30000   600.00000 2026-08-06 12:15:00     1
     1     1        286.450         54.000      95000.000         -1.822          4.746      -888888.0      -888888.0
     0     0
ECOHUMUS                                   -31.65000   -68.30000   600.00000 2026-08-06 12:20:00     1
     1     1        286.350         55.000      95000.000         -0.436          4.981      -888888.0      -888888.0
     0     0
ECOHUMUS                                   -31.65000   -68.30000   600.00000 2026-08-06 12:25:00     1
     1     1        286.550         54.000      95000.000         -0.499          4.752      -888888.0      -888888.0
     0     0
ECOHUMUS                                   -31.65000   -68.30000   600.00000 2026-08-06 12:30:00     1
     1     1        286.350         55.000      95000.000         -1.115          5.244      -888888.0      -888888.0
     0     0
ECOHUMUS                                   -31.65000   -68.30000   600.00000 2026-08-06 12:35:00     1
     1     1        286.250         54.000      95000.000         -1.313          4.042      -888888.0      -888888.0
     0     0
ECOHUMUS                                   -31.65000   -68.30000   600.00000 2026-08-06 12:40:00     1
     1     1        286.250         53.000      95000.000         -0.000          5.167      -888888.0      -888888.0
     0     0
ECOHUMUS                                   -31.65000   -68.30000   600.00000 2026-08-06 12:45:00     1
     1     1        286.150         53.000      95010.000         -0.562          4.577      -888888.0      -888888.0
     0     0
ECOHUMUS                                   -31.65000   -68.30000   600.00000 2026-08-06 12:50:00     1
     1     1        286.350         51.000      94990.000         -1.845          4.347      -888888.0      -888888.0
     0     0
ECOHUMUS                                   -31.65000   -68.30000   600.00000 2026-08-06 12:55:00     1
     1     1        286.350         51.000      94990.000         -1.491          3.350      -888888.0      -888888.0
     0     0
ECOHUMUS                                   -31.65000   -68.30000   600.00000 2026-08-06 13:00:00     1
     1     1        286.650         51.000      94980.000         -1.157          4.320      -888888.0      -888888.0
     0     0
ECOHUMUS                                   -31.65000   -68.30000   600.00000 2026-08-06 13:05:00     1
     1     1        286.650         48.000      94980.000         -0.565          4.604      -888888.0      -888888.0
     0     0
ECOHUMUS                                   -31.65000   -68.30000   600.00000 2026-08-06 13:10:00     1
     1     1        286.450         48.000      95000.000         -0.719          5.116      -888888.0      -888888.0
     0     0
ECOHUMUS                                   -31.65000   -68.30000   600.00000 2026-08-06 13:15:00     1
     1     1        286.450         48.000      94990.000         -1.237          4.615      -888888.0      -888888.0
     0     0
ECOHUMUS                                   -31.65000   -68.30000   600.00000 2026-08-06 13:20:00     1
     1     1        286.250         48.000      94990.000         -1.375          3.992      -888888.0      -888888.0
     0     0
ECOHUMUS                                   -31.65000   -68.30000   600.00000 2026-08-06 13:25:00     1
     1     1        286.550         47.000      94970.000         -0.937          4.060      -888888.0      -888888.0
     0     0
ECOHUMUS                                   -31.65000   -68.30000   600.00000 2026-08-06 13:30:00     1
     1     1        286.850         46.000      94960.000         -0.508          4.136      -888888.0      -888888.0
     0     0
ECOHUMUS                                   -31.65000   -68.30000   600.00000 2026-08-06 13:35:00     1
     1     1        286.750         46.000      94960.000         -0.589          4.797      -888888.0      -888888.0
     0     0
ECOHUMUS                                   -31.65000   -68.30000   600.00000 2026-08-06 13:40:00     1
     1     1        286.750         46.000      94980.000         -2.334          4.390      -888888.0      -888888.0
     0     0
ECOHUMUS                                   -31.65000   -68.30000   600.00000 2026-08-06 13:45:00     1
     1     1        286.950         46.000      94970.000         -0.769          3.954      -888888.0      -888888.0
     0     0
ECOHUMUS                                   -31.65000   -68.30000   600.00000 2026-08-06 13:50:00     1
     1     1        287.050         45.000      94980.000         -1.929          3.787      -888888.0      -888888.0
     0     0
ECOHUMUS                                   -31.65000   -68.30000   600.00000 2026-08-06 13:55:00     1
     1     1        287.250         45.000      94970.000         -1.095          3.818      -888888.0      -888888.0
     0     0
ECOHUMUS                                   -31.65000   -68.30000   600.00000 2026-08-06 14:00:00     1
     1     1        287.250         45.000      94970.000         -1.574          3.708      -888888.0      -888888.0
     0     0
ECOHUMUS                                   -31.65000   -68.30000   600.00000 2026-08-06 14:05:00     1
     1     1        287.450         44.000      94970.000         -0.152          4.358      -888888.0      -888888.0
     0     0
ECOHUMUS                                   -31.65000   -68.30000   600.00000 2026-08-06 14:10:00     1
     1     1        287.250         44.000      94960.000         -0.464          3.777      -888888.0      -888888.0
     0     0
ECOHUMUS                                   -31.65000   -68.30000   600.00000 2026-08-06 14:15:00     1
     1     1        287.650         43.000      94950.000         -1.299          4.250      -888888.0      -888888.0
     0     0
ECOHUMUS                                   -31.65000   -68.30000   600.00000 2026-08-06 14:20:00     1
     1     1        287.550         43.000      94960.000         -1.301          3.219      -888888.0      -888888.0
     0     0
ECOHUMUS                                   -31.65000   -68.30000   600.00000 2026-08-06 14:25:00     1
     1     1        287.850         42.000      94940.000          1.294          4.513      -888888.0      -888888.0
     0     0
ECOHUMUS                                   -31.65000   -68.30000   600.00000 2026-08-06 14:30:00     1
     1     1        287.950         42.000      94940.000         -0.884          3.300      -888888.0      -888888.0
     0     0
ECOHUMUS                                   -31.65000   -68.30000   600.00000 2026-08-06 14:35:00     1
     1     1        288.250         41.000      94930.000          0.339          4.849      -888888.0      -888888.0
     0     0
ECOHUMUS                                   -31.65000   -68.30000   600.00000 2026-08-06 14:40:00     1
     1     1        287.850         42.000      94930.000          0.501          4.080      -888888.0      -888888.0
     0     0
ECOHUMUS                                   -31.65000   -68.30000   600.00000 2026-08-06 14:45:00     1
     1     1        288.050         41.000      94910.000         -0.000          3.389      -888888.0      -888888.0
     0     0
ECOHUMUS                                   -31.65000   -68.30000   600.00000 2026-08-06 14:50:00     1
     1     1        288.450         41.000      94920.000         -0.797          3.750      -888888.0      -888888.0
     0     0
ECOHUMUS                                   -31.65000   -68.30000   600.00000 2026-08-06 14:55:00     1
     1     1        288.250         41.000      94930.000          0.515          4.191      -888888.0      -888888.0
     0     0
ECOHUMUS                                   -31.65000   -68.30000   600.00000 2026-08-06 15:00:00     1
     1     1        288.150         41.000      94920.000         -0.322          4.600      -888888.0      -888888.0
     0     0
ECOHUMUS                                   -31.65000   -68.30000   600.00000 2026-08-06 15:05:00     1
     1     1        288.050         40.000      94920.000         -1.344          3.501      -888888.0      -888888.0
     0     0
ECOHUMUS                                   -31.65000   -68.30000   600.00000 2026-08-06 15:10:00     1
     1     1        288.250         40.000      94920.000         -0.202          3.856      -888888.0      -888888.0
     0     0
ECOHUMUS                                   -31.65000   -68.30000   600.00000 2026-08-06 15:15:00     1
     1     1        288.350         40.000      94930.000         -0.652          3.354      -888888.0      -888888.0
     0     0
ECOHUMUS                                   -31.65000   -68.30000   600.00000 2026-08-06 15:20:00     1
     1     1        288.450         40.000      94930.000         -0.959          2.784      -888888.0      -888888.0
     0     0
ECOHUMUS                                   -31.65000   -68.30000   600.00000 2026-08-06 15:25:00     1
     1     1        288.550         40.000      94900.000          0.988          3.445      -888888.0      -888888.0
     0     0
ECOHUMUS                                   -31.65000   -68.30000   600.00000 2026-08-06 15:30:00     1
     1     1        288.350         39.000      94920.000         -0.320          3.653      -888888.0      -888888.0
     0     0
ECOHUMUS                                   -31.65000   -68.30000   600.00000 2026-08-06 15:35:00     1
     1     1        288.450         39.000      94920.000          1.364          3.553      -888888.0      -888888.0
     0     0
ECOHUMUS                                   -31.65000   -68.30000   600.00000 2026-08-06 15:40:00     1
     1     1        288.350         39.000      94920.000          0.552          3.484      -888888.0      -888888.0
     0     0
ECOHUMUS                                   -31.65000   -68.30000   600.00000 2026-08-06 15:45:00     1
     1     1        288.450         39.000      94910.000         -0.522          3.714      -888888.0      -888888.0
     0     0
ECOHUMUS                                   -31.65000   -68.30000   600.00000 2026-08-06 15:50:00     1
     1     1        288.550         39.000      94920.000         -0.957          3.338      -888888.0      -888888.0
     0     0
ECOHUMUS                                   -31.65000   -68.30000   600.00000 2026-08-06 15:55:00     1
     1     1        288.650         38.000      94910.000          0.342          2.785      -888888.0      -888888.0
     0     0
ECOHUMUS                                   -31.65000   -68.30000   600.00000 2026-08-06 16:00:00     1
     1     1        288.750         38.000      94910.000          0.151          2.885      -888888.0      -888888.0
     0     0
ECOHUMUS                                   -31.65000   -68.30000   600.00000 2026-08-06 16:05:00     1
     1     1        288.750         38.000      94910.000         -0.363          3.453      -888888.0      -888888.0
     0     0
ECOHUMUS                                   -31.65000   -68.30000   600.00000 2026-08-06 16:10:00     1
     1     1        288.850         38.000      94900.000         -0.751          3.532      -888888.0      -888888.0
     0     0
ECOHUMUS                                   -31.65000   -68.30000   600.00000 2026-08-06 16:15:00     1
     1     1        288.650         38.000      94900.000          0.578          2.972      -888888.0      -888888.0
     0     0
ECOHUMUS                                   -31.65000   -68.30000   600.00000 2026-08-06 16:20:00     1
     1     1        289.150         37.000      94890.000         -0.232          2.657      -888888.0      -888888.0
     0     0
ECOHUMUS                                   -31.65000   -68.30000   600.00000 2026-08-06 16:25:00     1
     1     1        289.150         37.000      94890.000          0.057          3.277      -888888.0      -888888.0
     0     0
ECOHUMUS                                   -31.65000   -68.30000   600.00000 2026-08-06 16:30:00     1
     1     1        289.050         37.000      94890.000          0.891          3.327      -888888.0      -888888.0
     0     0
ECOHUMUS                                   -31.65000   -68.30000   600.00000 2026-08-06 16:35:00     1
     1     1        289.050         36.000      94890.000          0.440          3.584      -888888.0      -888888.0
     0     0
ECOHUMUS                                   -31.65000   -68.30000   600.00000 2026-08-06 16:40:00     1
     1     1        288.950         36.000      94870.000          1.107          3.408      -888888.0      -888888.0
     0     0
ECOHUMUS                                   -31.65000   -68.30000   600.00000 2026-08-06 16:45:00     1
     1     1        289.150         36.000      94890.000          1.028          3.837      -888888.0      -888888.0
     0     0
ECOHUMUS                                   -31.65000   -68.30000   600.00000 2026-08-06 16:50:00     1
     1     1        288.950         36.000      94870.000          1.121          3.666      -888888.0      -888888.0
     0     0
ECOHUMUS                                   -31.65000   -68.30000   600.00000 2026-08-06 16:55:00     1
     1     1        288.950         36.000      94880.000          0.256          3.658      -888888.0      -888888.0
     0     0
ECOHUMUS                                   -31.65000   -68.30000   600.00000 2026-08-06 17:00:00     1
     1     1        288.950         36.000      94880.000         -0.625          3.218      -888888.0      -888888.0
     0     0
ECOHUMUS                                   -31.65000   -68.30000   600.00000 2026-08-06 17:05:00     1
     1     1        289.050         36.000      94900.000         -0.911          3.178      -888888.0      -888888.0
     0     0
ECOHUMUS                                   -31.65000   -68.30000   600.00000 2026-08-06 17:10:00     1
     1     1        289.150         36.000      94890.000          0.055          3.138      -888888.0      -888888.0
     0     0
ECOHUMUS                                   -31.65000   -68.30000   600.00000 2026-08-06 17:15:00     1
     1     1        289.150         33.000      94880.000          0.124          3.553      -888888.0      -888888.0
     0     0
ECOHUMUS                                   -31.65000   -68.30000   600.00000 2026-08-06 17:20:00     1
     1     1        288.950         34.000      94900.000         -0.437          3.557      -888888.0      -888888.0
     0     0
ECOHUMUS                                   -31.65000   -68.30000   600.00000 2026-08-06 17:25:00     1
     1     1        288.950         34.000      94890.000          0.603          3.419      -888888.0      -888888.0
     0     0
ECOHUMUS                                   -31.65000   -68.30000   600.00000 2026-08-06 17:30:00     1
     1     1        288.950         34.000      94900.000         -0.318          2.592      -888888.0      -888888.0
     0     0
ECOHUMUS                                   -31.65000   -68.30000   600.00000 2026-08-06 17:35:00     1
     1     1        288.950         34.000      94910.000         -0.058          3.333      -888888.0      -888888.0
     0     0
ECOHUMUS                                   -31.65000   -68.30000   600.00000 2026-08-06 17:40:00     1
     1     1        288.850         34.000      94910.000         -0.610          3.136      -888888.0      -888888.0
     0     0
ECOHUMUS                                   -31.65000   -68.30000   600.00000 2026-08-06 17:45:00     1
     1     1        288.850         34.000      94910.000         -0.211          3.020      -888888.0      -888888.0
     0     0
ECOHUMUS                                   -31.65000   -68.30000   600.00000 2026-08-06 17:50:00     1
     1     1        288.750         34.000      94910.000         -0.000          3.333      -888888.0      -888888.0
     0     0
ECOHUMUS                                   -31.65000   -68.30000   600.00000 2026-08-06 17:55:00     1
     1     1        288.550         35.000      94900.000          0.622          3.529      -888888.0      -888888.0
     0     0
ECOHUMUS                                   -31.65000   -68.30000   600.00000 2026-08-06 18:00:00     1
     1     1        288.350         35.000      94900.000          0.469          2.963      -888888.0      -888888.0
     0     0
ECOHUMUS                                   -31.65000   -68.30000   600.00000 2026-08-06 18:05:00     1
     1     1        288.450         34.000      94900.000         -0.186          2.660      -888888.0      -888888.0
     0     0
ECOHUMUS                                   -31.65000   -68.30000   600.00000 2026-08-06 18:10:00     1
     1     1        288.350         34.000      94900.000          0.625          2.707      -888888.0      -888888.0
     0     0
ECOHUMUS                                   -31.65000   -68.30000   600.00000 2026-08-06 18:15:00     1
     1     1        288.150         34.000      94910.000         -0.254          2.906      -888888.0      -888888.0
     0     0
ECOHUMUS                                   -31.65000   -68.30000   600.00000 2026-08-06 18:20:00     1
     1     1        288.150         34.000      94920.000          0.245          2.795      -888888.0      -888888.0
     0     0
ECOHUMUS                                   -31.65000   -68.30000   600.00000 2026-08-06 18:25:00     1
     1     1        287.950         35.000      94930.000         -0.057          3.277      -888888.0      -888888.0
     0     0
ECOHUMUS                                   -31.65000   -68.30000   600.00000 2026-08-06 18:30:00     1
     1     1        287.850         35.000      94930.000          0.174          2.494      -888888.0      -888888.0
     0     0
ECOHUMUS                                   -31.65000   -68.30000   600.00000 2026-08-06 18:35:00     1
     1     1        287.650         35.000      94940.000          0.361          2.277      -888888.0      -888888.0
     0     0
ECOHUMUS                                   -31.65000   -68.30000   600.00000 2026-08-06 18:40:00     1
     1     1        287.450         36.000      94950.000          0.348          2.476      -888888.0      -888888.0
     0     0
ECOHUMUS                                   -31.65000   -68.30000   600.00000 2026-08-06 18:45:00     1
     1     1        287.250         36.000      94950.000          0.356          2.250      -888888.0      -888888.0
     0     0
ECOHUMUS                                   -31.65000   -68.30000   600.00000 2026-08-06 18:50:00     1
     1     1        286.950         36.000      94940.000          0.403          2.072      -888888.0      -888888.0
     0     0
ECOHUMUS                                   -31.65000   -68.30000   600.00000 2026-08-06 18:55:00     1
     1     1        286.650         37.000      94940.000          0.341          1.603      -888888.0      -888888.0
     0     0
ECOHUMUS                                   -31.65000   -68.30000   600.00000 2026-08-06 19:00:00     1
     1     1        286.250         38.000      94950.000          0.390          1.070      -888888.0      -888888.0
     0     0
ECOHUMUS                                   -31.65000   -68.30000   600.00000 2026-08-06 19:05:00     1
     1     1        285.850         39.000      94970.000          0.174          0.985      -888888.0      -888888.0
     0     0
ECOHUMUS                                   -31.65000   -68.30000   600.00000 2026-08-06 19:10:00     1
     1     1        285.450         40.000      94970.000          0.235          0.943      -888888.0      -888888.0
     0     0
ECOHUMUS                                   -31.65000   -68.30000   600.00000 2026-08-06 19:15:00     1
     1     1        285.250         40.000      94970.000          0.326          0.946      -888888.0      -888888.0
     0     0
ECOHUMUS                                   -31.65000   -68.30000   600.00000 2026-08-06 19:20:00     1
     1     1        284.950         41.000      94980.000          0.364          0.901      -888888.0      -888888.0
     0     0
ECOHUMUS                                   -31.65000   -68.30000   600.00000 2026-08-06 19:25:00     1
     1     1        284.750         41.000      94980.000          0.335          0.972      -888888.0      -888888.0
     0     0
ECOHUMUS                                   -31.65000   -68.30000   600.00000 2026-08-06 19:30:00     1
     1     1        284.650         41.000      94980.000          0.300          0.925      -888888.0      -888888.0
     0     0
ECOHUMUS                                   -31.65000   -68.30000   600.00000 2026-08-06 19:35:00     1
     1     1        284.450         42.000      94990.000          0.260          0.850      -888888.0      -888888.0
     0     0
ECOHUMUS                                   -31.65000   -68.30000   600.00000 2026-08-06 19:40:00     1
     1     1        284.050         43.000      94990.000          0.244          0.797      -888888.0      -888888.0
     0     0
ECOHUMUS                                   -31.65000   -68.30000   600.00000 2026-08-06 19:45:00     1
     1     1        283.950         43.000      95000.000          0.055          0.525      -888888.0      -888888.0
     0     0
ECOHUMUS                                   -31.65000   -68.30000   600.00000 2026-08-06 19:50:00     1
     1     1        283.750         44.000      94990.000          0.202          0.951      -888888.0      -888888.0
     0     0
ECOHUMUS                                   -31.65000   -68.30000   600.00000 2026-08-06 19:55:00     1
     1     1        283.750         43.000      94990.000          0.133          0.682      -888888.0      -888888.0
     0     0
ECOHUMUS                                   -31.65000   -68.30000   600.00000 2026-08-06 20:00:00     1
     1     1        283.450         44.000      95000.000          0.051          0.581      -888888.0      -888888.0
     0     0
ECOHUMUS                                   -31.65000   -68.30000   600.00000 2026-08-06 20:05:00     1
     1     1        283.450         44.000      94990.000          0.295          0.809      -888888.0      -888888.0
     0     0
ECOHUMUS                                   -31.65000   -68.30000   600.00000 2026-08-06 20:10:00     1
     1     1        283.350         44.000      95000.000          0.434          0.931      -888888.0      -888888.0
     0     0
ECOHUMUS                                   -31.65000   -68.30000   600.00000 2026-08-06 20:15:00     1
     1     1        283.250         44.000      94990.000          0.497          1.117      -888888.0      -888888.0
     0     0
ECOHUMUS                                   -31.65000   -68.30000   600.00000 2026-08-06 20:20:00     1
     1     1        283.050         45.000      94990.000          0.565          1.269      -888888.0      -888888.0
     0     0
ECOHUMUS                                   -31.65000   -68.30000   600.00000 2026-08-06 20:25:00     1
     1     1        282.950         45.000      95000.000          0.682          1.398      -888888.0      -888888.0
     0     0
ECOHUMUS                                   -31.65000   -68.30000   600.00000 2026-08-06 20:30:00     1
     1     1        282.850         45.000      95000.000          0.513          1.410      -888888.0      -888888.0
     0     0
ECOHUMUS                                   -31.65000   -68.30000   600.00000 2026-08-06 20:35:00     1
     1     1        282.550         46.000      95000.000          0.468          1.219      -888888.0      -888888.0
     0     0
ECOHUMUS                                   -31.65000   -68.30000   600.00000 2026-08-06 20:40:00     1
     1     1        282.350         47.000      95000.000         -0.006          0.111      -888888.0      -888888.0
     0     0
ECOHUMUS                                   -31.65000   -68.30000   600.00000 2026-08-06 20:45:00     1
     1     1        281.850         49.000      95010.000         -0.195          0.460      -888888.0      -888888.0
     0     0
ECOHUMUS                                   -31.65000   -68.30000   600.00000 2026-08-06 20:50:00     1
     1     1        282.550         45.000      95000.000         -0.217         -0.046      -888888.0      -888888.0
     0     0
ECOHUMUS                                   -31.65000   -68.30000   600.00000 2026-08-06 20:55:00     1
     1     1        282.650         45.000      95020.000         -0.380         -0.081      -888888.0      -888888.0
     0     0
ECOHUMUS                                   -31.65000   -68.30000   600.00000 2026-08-06 21:00:00     1
     1     1        282.250         46.000      95010.000         -0.164         -0.032      -888888.0      -888888.0
     0     0
ECOHUMUS                                   -31.65000   -68.30000   600.00000 2026-08-06 21:05:00     1
     1     1        281.950         47.000      95020.000         -0.000         -0.000      -888888.0      -888888.0
     0     0
ECOHUMUS                                   -31.65000   -68.30000   600.00000 2026-08-06 21:10:00     1
     1     1        281.550         49.000      95020.000         -0.000         -0.000      -888888.0      -888888.0
     0     0
ECOHUMUS                                   -31.65000   -68.30000   600.00000 2026-08-06 21:15:00     1
     1     1        280.950         51.000      95010.000         -0.000         -0.000      -888888.0      -888888.0
     0     0
ECOHUMUS                                   -31.65000   -68.30000   600.00000 2026-08-06 21:20:00     1
     1     1        280.550         51.000      95010.000         -0.130          0.105      -888888.0      -888888.0
     0     0
ECOHUMUS                                   -31.65000   -68.30000   600.00000 2026-08-06 21:25:00     1
     1     1        280.150         50.000      95010.000         -0.097          0.319      -888888.0      -888888.0
     0     0
ECOHUMUS                                   -31.65000   -68.30000   600.00000 2026-08-06 21:30:00     1
     1     1        279.550         51.000      95010.000         -0.021          0.018      -888888.0      -888888.0
     0     0
ECOHUMUS                                   -31.65000   -68.30000   600.00000 2026-08-06 21:35:00     1
     1     1        279.050         53.000      95010.000         -0.000          0.000      -888888.0      -888888.0
     0     0
ECOHUMUS                                   -31.65000   -68.30000   600.00000 2026-08-06 21:40:00     1
     1     1        279.250         54.000      95010.000         -0.000          0.000      -888888.0      -888888.0
     0     0
ECOHUMUS                                   -31.65000   -68.30000   600.00000 2026-08-06 21:45:00     1
     1     1        279.950         51.000      95010.000         -0.026          0.499      -888888.0      -888888.0
     0     0
ECOHUMUS                                   -31.65000   -68.30000   600.00000 2026-08-06 21:50:00     1
     1     1        281.250         48.000      95020.000          0.017          0.138      -888888.0      -888888.0
     0     0
ECOHUMUS                                   -31.65000   -68.30000   600.00000 2026-08-06 21:55:00     1
     1     1        280.350         51.000      95010.000          0.061          0.093      -888888.0      -888888.0
     0     0
ECOHUMUS                                   -31.65000   -68.30000   600.00000 2026-08-06 22:00:00     1
     1     1        280.550         51.000      95000.000          0.098          0.098      -888888.0      -888888.0
     0     0
ECOHUMUS                                   -31.65000   -68.30000   600.00000 2026-08-06 22:05:00     1
     1     1        279.550         53.000      95000.000          0.019          0.109      -888888.0      -888888.0
     0     0
ECOHUMUS                                   -31.65000   -68.30000   600.00000 2026-08-06 22:10:00     1
     1     1        279.750         54.000      95000.000          0.007          0.055      -888888.0      -888888.0
     0     0
ECOHUMUS                                   -31.65000   -68.30000   600.00000 2026-08-06 22:15:00     1
     1     1        279.850         54.000      95000.000          0.010          0.083      -888888.0      -888888.0
     0     0
ECOHUMUS                                   -31.65000   -68.30000   600.00000 2026-08-06 22:20:00     1
     1     1        279.150         56.000      95010.000          0.014          0.110      -888888.0      -888888.0
     0     0
ECOHUMUS                                   -31.65000   -68.30000   600.00000 2026-08-06 22:25:00     1
     1     1        278.250         58.000      95020.000          0.000          0.000      -888888.0      -888888.0
     0     0
ECOHUMUS                                   -31.65000   -68.30000   600.00000 2026-08-06 22:30:00     1
     1     1        277.750         59.000      95020.000          0.000          0.000      -888888.0      -888888.0
     0     0
ECOHUMUS                                   -31.65000   -68.30000   600.00000 2026-08-06 22:35:00     1
     1     1        277.450         59.000      95010.000          0.000          0.000      -888888.0      -888888.0
     0     0
ECOHUMUS                                   -31.65000   -68.30000   600.00000 2026-08-06 22:40:00     1
     1     1        277.450         59.000      94990.000          0.003          0.028      -888888.0      -888888.0
     0     0
ECOHUMUS                                   -31.65000   -68.30000   600.00000 2026-08-06 22:45:00     1
     1     1        276.950         59.000      95000.000          0.003          0.028      -888888.0      -888888.0
     0     0
ECOHUMUS                                   -31.65000   -68.30000   600.00000 2026-08-06 22:50:00     1
     1     1        277.050         61.000      95000.000          0.020          0.165      -888888.0      -888888.0
     0     0
ECOHUMUS                                   -31.65000   -68.30000   600.00000 2026-08-06 22:55:00     1
     1     1        276.850         60.000      95000.000          0.000          0.000      -888888.0      -888888.0
     0     0
ECOHUMUS                                   -31.65000   -68.30000   600.00000 2026-08-06 23:00:00     1
     1     1        276.150         59.000      94990.000          0.014          0.110      -888888.0      -888888.0
     0     0
ECOHUMUS                                   -31.65000   -68.30000   600.00000 2026-08-06 23:05:00     1
     1     1        276.150         61.000      94990.000          0.041          0.331      -888888.0      -888888.0
     0     0
ECOHUMUS                                   -31.65000   -68.30000   600.00000 2026-08-06 23:10:00     1
     1     1        276.850         61.000      94990.000          0.058          0.469      -888888.0      -888888.0
     0     0
ECOHUMUS                                   -31.65000   -68.30000   600.00000 2026-08-06 23:15:00     1
     1     1        277.050         61.000      95000.000          0.000          0.000      -888888.0      -888888.0
     0     0
ECOHUMUS                                   -31.65000   -68.30000   600.00000 2026-08-06 23:20:00     1
     1     1        276.150         61.000      95000.000         -0.037          0.303      -888888.0      -888888.0
     0     0
ECOHUMUS                                   -31.65000   -68.30000   600.00000 2026-08-06 23:25:00     1
     1     1        275.850         65.000      95010.000         -0.026          0.049      -888888.0      -888888.0
     0     0
ECOHUMUS                                   -31.65000   -68.30000   600.00000 2026-08-06 23:30:00     1
     1     1        275.850         66.000      95010.000         -0.000          0.000      -888888.0      -888888.0
     0     0
ECOHUMUS                                   -31.65000   -68.30000   600.00000 2026-08-06 23:35:00     1
     1     1        276.150         67.000      94990.000         -0.000          0.000      -888888.0      -888888.0
     0     0
ECOHUMUS                                   -31.65000   -68.30000   600.00000 2026-08-06 23:40:00     1
     1     1        276.450         66.000      95000.000         -0.000          0.000      -888888.0      -888888.0
     0     0
ECOHUMUS                                   -31.65000   -68.30000   600.00000 2026-08-06 23:45:00     1
     1     1        276.350         66.000      94990.000         -0.000          0.000      -888888.0      -888888.0
     0     0
ECOHUMUS                                   -31.65000   -68.30000   600.00000 2026-08-06 23:50:00     1
     1     1        275.950         66.000      94990.000         -0.000          0.000      -888888.0      -888888.0
     0     0
ECOHUMUS                                   -31.65000   -68.30000   600.00000 2026-08-06 23:55:00     1
     1     1        275.750         66.000      94980.000         -0.000          0.000      -888888.0      -888888.0
     0     0
INTA_POCITO                                -31.65000   -68.58330   615.00000 2026-08-06 07:30:00     1
     1     1        287.250         80.000      93340.000         -0.066          1.888      -888888.0      -888888.0
     0     0
PUNTA_NEGRA                                -31.51920   -68.81780   800.00000 2026-08-06 00:00:00     1
     1     1        297.050         11.000      90510.000         -1.203         -1.384      -888888.0      -888888.0
     0     0
PUNTA_NEGRA                                -31.51920   -68.81780   800.00000 2026-08-06 00:05:00     1
     1     1        297.150         11.000      90510.000          0.525          0.410      -888888.0      -888888.0
     0     0
PUNTA_NEGRA                                -31.51920   -68.81780   800.00000 2026-08-06 00:10:00     1
     1     1        296.950         11.000      90510.000          0.842         -0.429      -888888.0      -888888.0
     0     0
PUNTA_NEGRA                                -31.51920   -68.81780   800.00000 2026-08-06 00:15:00     1
     1     1        296.550         11.000      90500.000          0.377          0.284      -888888.0      -888888.0
     0     0
PUNTA_NEGRA                                -31.51920   -68.81780   800.00000 2026-08-06 00:20:00     1
     1     1        296.450         12.000      90480.000          0.961         -0.276      -888888.0      -888888.0
     0     0
PUNTA_NEGRA                                -31.51920   -68.81780   800.00000 2026-08-06 00:25:00     1
     1     1        296.850         11.000      90490.000          1.165          0.061      -888888.0      -888888.0
     0     0
PUNTA_NEGRA                                -31.51920   -68.81780   800.00000 2026-08-06 00:30:00     1
     1     1        296.750         11.000      90480.000          1.094          0.193      -888888.0      -888888.0
     0     0
PUNTA_NEGRA                                -31.51920   -68.81780   800.00000 2026-08-06 00:35:00     1
     1     1        296.750         11.000      90500.000          0.385          0.953      -888888.0      -888888.0
     0     0
PUNTA_NEGRA                                -31.51920   -68.81780   800.00000 2026-08-06 00:40:00     1
     1     1        296.750         11.000      90480.000          0.594          0.303      -888888.0      -888888.0
     0     0
PUNTA_NEGRA                                -31.51920   -68.81780   800.00000 2026-08-06 00:45:00     1
     1     1        296.250         12.000      90490.000         -0.114          0.458      -888888.0      -888888.0
     0     0
PUNTA_NEGRA                                -31.51920   -68.81780   800.00000 2026-08-06 00:50:00     1
     1     1        296.250         12.000      90490.000          1.384         -0.121      -888888.0      -888888.0
     0     0
PUNTA_NEGRA                                -31.51920   -68.81780   800.00000 2026-08-06 00:55:00     1
     1     1        296.550         12.000      90470.000          0.809         -0.588      -888888.0      -888888.0
     0     0
PUNTA_NEGRA                                -31.51920   -68.81780   800.00000 2026-08-06 01:00:00     1
     1     1        296.350         12.000      90470.000          0.830          0.859      -888888.0      -888888.0
     0     0
PUNTA_NEGRA                                -31.51920   -68.81780   800.00000 2026-08-06 01:05:00     1
     1     1        296.350         12.000      90450.000          0.271          0.387      -888888.0      -888888.0
     0     0
PUNTA_NEGRA                                -31.51920   -68.81780   800.00000 2026-08-06 01:10:00     1
     1     1        295.950         12.000      90440.000          0.110          0.285      -888888.0      -888888.0
     0     0
PUNTA_NEGRA                                -31.51920   -68.81780   800.00000 2026-08-06 01:15:00     1
     1     1        296.150         12.000      90430.000          1.009         -0.196      -888888.0      -888888.0
     0     0
PUNTA_NEGRA                                -31.51920   -68.81780   800.00000 2026-08-06 01:20:00     1
     1     1        296.350         12.000      90420.000          0.198         -0.489      -888888.0      -888888.0
     0     0
PUNTA_NEGRA                                -31.51920   -68.81780   800.00000 2026-08-06 01:25:00     1
     1     1        295.850         12.000      90440.000          0.748          0.214      -888888.0      -888888.0
     0     0
PUNTA_NEGRA                                -31.51920   -68.81780   800.00000 2026-08-06 01:30:00     1
     1     1        295.650         13.000      90420.000         -0.406         -0.379      -888888.0      -888888.0
     0     0
PUNTA_NEGRA                                -31.51920   -68.81780   800.00000 2026-08-06 01:35:00     1
     1     1        295.950         12.000      90410.000          0.667          0.854      -888888.0      -888888.0
     0     0
PUNTA_NEGRA                                -31.51920   -68.81780   800.00000 2026-08-06 01:40:00     1
     1     1        295.950         12.000      90380.000         -0.011          0.639      -888888.0      -888888.0
     0     0
PUNTA_NEGRA                                -31.51920   -68.81780   800.00000 2026-08-06 01:45:00     1
     1     1        295.850         12.000      90380.000          0.481         -0.278      -888888.0      -888888.0
     0     0
PUNTA_NEGRA                                -31.51920   -68.81780   800.00000 2026-08-06 01:50:00     1
     1     1        295.550         13.000      90370.000          0.111          0.012      -888888.0      -888888.0
     0     0
PUNTA_NEGRA                                -31.51920   -68.81780   800.00000 2026-08-06 01:55:00     1
     1     1        295.150         13.000      90360.000          0.241          0.139      -888888.0      -888888.0
     0     0
PUNTA_NEGRA                                -31.51920   -68.81780   800.00000 2026-08-06 02:00:00     1
     1     1        295.450         13.000      90370.000         -0.328         -0.058      -888888.0      -888888.0
     0     0
PUNTA_NEGRA                                -31.51920   -68.81780   800.00000 2026-08-06 02:05:00     1
     1     1        295.450         13.000      90400.000          0.774          0.081      -888888.0      -888888.0
     0     0
PUNTA_NEGRA                                -31.51920   -68.81780   800.00000 2026-08-06 02:10:00     1
     1     1        295.450         13.000      90390.000          0.828          0.237      -888888.0      -888888.0
     0     0
PUNTA_NEGRA                                -31.51920   -68.81780   800.00000 2026-08-06 02:15:00     1
     1     1        295.650         12.000      90400.000          1.162          0.378      -888888.0      -888888.0
     0     0
PUNTA_NEGRA                                -31.51920   -68.81780   800.00000 2026-08-06 02:20:00     1
     1     1        295.750         13.000      90380.000         -0.517         -0.376      -888888.0      -888888.0
     0     0
PUNTA_NEGRA                                -31.51920   -68.81780   800.00000 2026-08-06 02:25:00     1
     1     1        295.550         12.000      90380.000          0.031         -1.750      -888888.0      -888888.0
     0     0
PUNTA_NEGRA                                -31.51920   -68.81780   800.00000 2026-08-06 02:30:00     1
     1     1        296.450         12.000      90380.000          2.712         -0.237      -888888.0      -888888.0
     0     0
PUNTA_NEGRA                                -31.51920   -68.81780   800.00000 2026-08-06 02:35:00     1
     1     1        296.450         12.000      90380.000          1.876         -0.609      -888888.0      -888888.0
     0     0
PUNTA_NEGRA                                -31.51920   -68.81780   800.00000 2026-08-06 02:40:00     1
     1     1        296.150         12.000      90390.000         -0.639         -0.617      -888888.0      -888888.0
     0     0
PUNTA_NEGRA                                -31.51920   -68.81780   800.00000 2026-08-06 02:45:00     1
     1     1        295.850         13.000      90400.000          0.214          0.748      -888888.0      -888888.0
     0     0
PUNTA_NEGRA                                -31.51920   -68.81780   800.00000 2026-08-06 02:50:00     1
     1     1        295.850         12.000      90390.000          1.037          0.398      -888888.0      -888888.0
     0     0
PUNTA_NEGRA                                -31.51920   -68.81780   800.00000 2026-08-06 02:55:00     1
     1     1        295.950         13.000      90380.000          0.819         -0.266      -888888.0      -888888.0
     0     0
PUNTA_NEGRA                                -31.51920   -68.81780   800.00000 2026-08-06 03:00:00     1
     1     1        295.850         13.000      90390.000          1.393         -1.012      -888888.0      -888888.0
     0     0
PUNTA_NEGRA                                -31.51920   -68.81780   800.00000 2026-08-06 03:05:00     1
     1     1        296.250         12.000      90390.000          1.320          0.186      -888888.0      -888888.0
     0     0
PUNTA_NEGRA                                -31.51920   -68.81780   800.00000 2026-08-06 03:10:00     1
     1     1        295.950         12.000      90380.000          1.023          1.059      -888888.0      -888888.0
     0     0
PUNTA_NEGRA                                -31.51920   -68.81780   800.00000 2026-08-06 03:15:00     1
     1     1        295.750         13.000      90370.000          0.698          0.403      -888888.0      -888888.0
     0     0
PUNTA_NEGRA                                -31.51920   -68.81780   800.00000 2026-08-06 03:20:00     1
     1     1        295.550         13.000      90380.000          0.576         -0.091      -888888.0      -888888.0
     0     0
PUNTA_NEGRA                                -31.51920   -68.81780   800.00000 2026-08-06 03:25:00     1
     1     1        295.550         13.000      90380.000          1.154          0.309      -888888.0      -888888.0
     0     0
PUNTA_NEGRA                                -31.51920   -68.81780   800.00000 2026-08-06 03:30:00     1
     1     1        295.850         13.000      90350.000         -0.742         -2.154      -888888.0      -888888.0
     0     0
PUNTA_NEGRA                                -31.51920   -68.81780   800.00000 2026-08-06 03:35:00     1
     1     1        296.050         13.000      90360.000          0.943         -0.235      -888888.0      -888888.0
     0     0
PUNTA_NEGRA                                -31.51920   -68.81780   800.00000 2026-08-06 03:40:00     1
     1     1        295.850         13.000      90380.000          1.351          0.166      -888888.0      -888888.0
     0     0
PUNTA_NEGRA                                -31.51920   -68.81780   800.00000 2026-08-06 03:45:00     1
     1     1        295.650         14.000      90380.000          0.458          0.794      -888888.0      -888888.0
     0     0
PUNTA_NEGRA                                -31.51920   -68.81780   800.00000 2026-08-06 03:50:00     1
     1     1        295.550         13.000      90360.000          0.746          0.078      -888888.0      -888888.0
     0     0
PUNTA_NEGRA                                -31.51920   -68.81780   800.00000 2026-08-06 03:55:00     1
     1     1        295.450         14.000      90370.000          0.118          0.188      -888888.0      -888888.0
     0     0
PUNTA_NEGRA                                -31.51920   -68.81780   800.00000 2026-08-06 04:00:00     1
     1     1        295.050         14.000      90380.000         -0.755         -0.188      -888888.0      -888888.0
     0     0
PUNTA_NEGRA                                -31.51920   -68.81780   800.00000 2026-08-06 04:05:00     1
     1     1        295.250         14.000      90370.000          1.581         -0.083      -888888.0      -888888.0
     0     0
PUNTA_NEGRA                                -31.51920   -68.81780   800.00000 2026-08-06 04:10:00     1
     1     1        295.450         14.000      90350.000          1.786         -0.412      -888888.0      -888888.0
     0     0
PUNTA_NEGRA                                -31.51920   -68.81780   800.00000 2026-08-06 04:15:00     1
     1     1        295.250         14.000      90360.000          0.441         -0.866      -888888.0      -888888.0
     0     0
PUNTA_NEGRA                                -31.51920   -68.81780   800.00000 2026-08-06 04:20:00     1
     1     1        295.150         14.000      90370.000          0.259          0.674      -888888.0      -888888.0
     0     0
PUNTA_NEGRA                                -31.51920   -68.81780   800.00000 2026-08-06 04:25:00     1
     1     1        294.950         14.000      90380.000          0.409          0.174      -888888.0      -888888.0
     0     0
PUNTA_NEGRA                                -31.51920   -68.81780   800.00000 2026-08-06 04:55:00     1
     1     1        295.050         16.000      90390.000          0.410         -0.287      -888888.0      -888888.0
     0     0
PUNTA_NEGRA                                -31.51920   -68.81780   800.00000 2026-08-06 05:00:00     1
     1     1        295.050         16.000      90390.000          0.719          0.695      -888888.0      -888888.0
     0     0
PUNTA_NEGRA                                -31.51920   -68.81780   800.00000 2026-08-06 05:05:00     1
     1     1        295.050         16.000      90430.000          0.482          0.500      -888888.0      -888888.0
     0     0
PUNTA_NEGRA                                -31.51920   -68.81780   800.00000 2026-08-06 05:10:00     1
     1     1        294.650         16.000      90420.000          0.935          0.871      -888888.0      -888888.0
     0     0
PUNTA_NEGRA                                -31.51920   -68.81780   800.00000 2026-08-06 05:15:00     1
     1     1        294.850         16.000      90440.000          1.694         -0.030      -888888.0      -888888.0
     0     0
PUNTA_NEGRA                                -31.51920   -68.81780   800.00000 2026-08-06 05:20:00     1
     1     1        295.150         16.000      90440.000          1.321         -0.429      -888888.0      -888888.0
     0     0
PUNTA_NEGRA                                -31.51920   -68.81780   800.00000 2026-08-06 05:25:00     1
     1     1        294.950         16.000      90470.000          1.220         -0.919      -888888.0      -888888.0
     0     0
PUNTA_NEGRA                                -31.51920   -68.81780   800.00000 2026-08-06 05:30:00     1
     1     1        294.950         17.000      90480.000          0.379          0.406      -888888.0      -888888.0
     0     0
PUNTA_NEGRA                                -31.51920   -68.81780   800.00000 2026-08-06 05:35:00     1
     1     1        294.450         18.000      90490.000         -0.014          0.389      -888888.0      -888888.0
     0     0
PUNTA_NEGRA                                -31.51920   -68.81780   800.00000 2026-08-06 05:40:00     1
     1     1        294.250         18.000      90490.000          0.611          0.021      -888888.0      -888888.0
     0     0
PUNTA_NEGRA                                -31.51920   -68.81780   800.00000 2026-08-06 05:45:00     1
     1     1        294.150         18.000      90510.000          0.143          0.205      -888888.0      -888888.0
     0     0
PUNTA_NEGRA                                -31.51920   -68.81780   800.00000 2026-08-06 05:50:00     1
     1     1        294.050         19.000      90520.000         -0.676          0.439      -888888.0      -888888.0
     0     0
PUNTA_NEGRA                                -31.51920   -68.81780   800.00000 2026-08-06 05:55:00     1
     1     1        294.050         19.000      90550.000          1.895         -0.437      -888888.0      -888888.0
     0     0
PUNTA_NEGRA                                -31.51920   -68.81780   800.00000 2026-08-06 06:00:00     1
     1     1        294.550         19.000      90550.000          1.681         -0.579      -888888.0      -888888.0
     0     0
PUNTA_NEGRA                                -31.51920   -68.81780   800.00000 2026-08-06 06:05:00     1
     1     1        294.550         20.000      90580.000          2.442          0.387      -888888.0      -888888.0
     0     0
PUNTA_NEGRA                                -31.51920   -68.81780   800.00000 2026-08-06 06:10:00     1
     1     1        294.250         20.000      90600.000          1.605          2.130      -888888.0      -888888.0
     0     0
PUNTA_NEGRA                                -31.51920   -68.81780   800.00000 2026-08-06 06:15:00     1
     1     1        293.850         21.000      90610.000         -0.167          1.909      -888888.0      -888888.0
     0     0
PUNTA_NEGRA                                -31.51920   -68.81780   800.00000 2026-08-06 06:20:00     1
     1     1        293.750         21.000      90610.000          0.224          1.595      -888888.0      -888888.0
     0     0
PUNTA_NEGRA                                -31.51920   -68.81780   800.00000 2026-08-06 06:25:00     1
     1     1        293.850         22.000      90640.000          0.661          0.595      -888888.0      -888888.0
     0     0
PUNTA_NEGRA                                -31.51920   -68.81780   800.00000 2026-08-06 06:30:00     1
     1     1        293.750         21.000      90650.000          0.126          1.439      -888888.0      -888888.0
     0     0
PUNTA_NEGRA                                -31.51920   -68.81780   800.00000 2026-08-06 06:35:00     1
     1     1        293.850         21.000      90650.000          0.196          2.241      -888888.0      -888888.0
     0     0
PUNTA_NEGRA                                -31.51920   -68.81780   800.00000 2026-08-06 06:40:00     1
     1     1        294.150         21.000      90670.000         -0.074          2.110      -888888.0      -888888.0
     0     0
PUNTA_NEGRA                                -31.51920   -68.81780   800.00000 2026-08-06 06:45:00     1
     1     1        293.950         21.000      90670.000          0.452          1.313      -888888.0      -888888.0
     0     0
PUNTA_NEGRA                                -31.51920   -68.81780   800.00000 2026-08-06 06:50:00     1
     1     1        293.750         22.000      90680.000         -0.941          2.731      -888888.0      -888888.0
     0     0
PUNTA_NEGRA                                -31.51920   -68.81780   800.00000 2026-08-06 06:55:00     1
     1     1        293.450         22.000      90710.000          1.310          0.787      -888888.0      -888888.0
     0     0
PUNTA_NEGRA                                -31.51920   -68.81780   800.00000 2026-08-06 07:00:00     1
     1     1        293.350         22.000      90710.000          0.079          0.079      -888888.0      -888888.0
     0     0
PUNTA_NEGRA                                -31.51920   -68.81780   800.00000 2026-08-06 07:05:00     1
     1     1        293.050         22.000      90730.000          0.854          0.667      -888888.0      -888888.0
     0     0
PUNTA_NEGRA                                -31.51920   -68.81780   800.00000 2026-08-06 07:10:00     1
     1     1        293.050         23.000      90730.000          0.306          1.068      -888888.0      -888888.0
     0     0
PUNTA_NEGRA                                -31.51920   -68.81780   800.00000 2026-08-06 07:15:00     1
     1     1        292.750         32.000      90780.000         -1.107         -0.447      -888888.0      -888888.0
     0     0
PUNTA_NEGRA                                -31.51920   -68.81780   800.00000 2026-08-06 07:20:00     1
     1     1        289.250         54.000      90850.000          0.376          0.517      -888888.0      -888888.0
     0     0
PUNTA_NEGRA                                -31.51920   -68.81780   800.00000 2026-08-06 07:25:00     1
     1     1        287.950         61.000      90890.000         -0.555         -0.019      -888888.0      -888888.0
     0     0
PUNTA_NEGRA                                -31.51920   -68.81780   800.00000 2026-08-06 07:30:00     1
     1     1        287.250         63.000      90910.000         -0.549         -0.268      -888888.0      -888888.0
     0     0
PUNTA_NEGRA                                -31.51920   -68.81780   800.00000 2026-08-06 07:35:00     1
     1     1        286.850         67.000      90940.000         -0.039          0.749      -888888.0      -888888.0
     0     0
PUNTA_NEGRA                                -31.51920   -68.81780   800.00000 2026-08-06 07:40:00     1
     1     1        286.450         70.000      90960.000         -0.347          0.818      -888888.0      -888888.0
     0     0
PUNTA_NEGRA                                -31.51920   -68.81780   800.00000 2026-08-06 07:45:00     1
     1     1        286.350         71.000      90990.000         -0.972          0.017      -888888.0      -888888.0
     0     0
PUNTA_NEGRA                                -31.51920   -68.81780   800.00000 2026-08-06 07:50:00     1
     1     1        286.250         72.000      91010.000         -0.583         -0.472      -888888.0      -888888.0
     0     0
PUNTA_NEGRA                                -31.51920   -68.81780   800.00000 2026-08-06 07:55:00     1
     1     1        286.050         73.000      91010.000          0.114          0.283      -888888.0      -888888.0
     0     0
PUNTA_NEGRA                                -31.51920   -68.81780   800.00000 2026-08-06 08:00:00     1
     1     1        286.050         74.000      91050.000         -0.161          0.561      -888888.0      -888888.0
     0     0
PUNTA_NEGRA                                -31.51920   -68.81780   800.00000 2026-08-06 08:05:00     1
     1     1        286.050         74.000      91070.000          0.385          0.054      -888888.0      -888888.0
     0     0
PUNTA_NEGRA                                -31.51920   -68.81780   800.00000 2026-08-06 08:15:00     1
     1     1        286.050         75.000      91110.000          1.166          0.020      -888888.0      -888888.0
     0     0
PUNTA_NEGRA                                -31.51920   -68.81780   800.00000 2026-08-06 08:20:00     1
     1     1        286.150         75.000      91120.000          0.073          0.523      -888888.0      -888888.0
     0     0
PUNTA_NEGRA                                -31.51920   -68.81780   800.00000 2026-08-06 08:25:00     1
     1     1        286.150         75.000      91140.000          0.025          0.360      -888888.0      -888888.0
     0     0
PUNTA_NEGRA                                -31.51920   -68.81780   800.00000 2026-08-06 08:30:00     1
     1     1        286.250         75.000      91160.000         -0.038          0.359      -888888.0      -888888.0
     0     0
PUNTA_NEGRA                                -31.51920   -68.81780   800.00000 2026-08-06 08:35:00     1
     1     1        286.250         76.000      91180.000         -0.432         -0.303      -888888.0      -888888.0
     0     0
PUNTA_NEGRA                                -31.51920   -68.81780   800.00000 2026-08-06 08:40:00     1
     1     1        286.350         76.000      91200.000         -0.337          0.194      -888888.0      -888888.0
     0     0
PUNTA_NEGRA                                -31.51920   -68.81780   800.00000 2026-08-06 08:45:00     1
     1     1        286.550         75.000      91210.000         -0.472         -0.008      -888888.0      -888888.0
     0     0
PUNTA_NEGRA                                -31.51920   -68.81780   800.00000 2026-08-06 08:50:00     1
     1     1        286.650         76.000      91260.000          0.437          0.503      -888888.0      -888888.0
     0     0
PUNTA_NEGRA                                -31.51920   -68.81780   800.00000 2026-08-06 08:55:00     1
     1     1        286.550         75.000      91270.000          0.350          0.170      -888888.0      -888888.0
     0     0
PUNTA_NEGRA                                -31.51920   -68.81780   800.00000 2026-08-06 09:00:00     1
     1     1        286.750         75.000      91300.000          0.320          0.309      -888888.0      -888888.0
     0     0
