INTA_POCITO                                -31.65000   -68.58330   615.00000 2026-01-01 00:00:00     1
     1     1        298.350         55.000      93870.000         -0.000          0.000      -888888.0      -888888.0
     0     0
INTA_POCITO                                -31.65000   -68.58330   615.00000 2026-01-01 00:30:00     1
     1     1        295.450         77.000      93870.000         -0.000          0.000      -888888.0      -888888.0
     0     0
ULLUM_EMBALSE                              -31.46670   -68.66670   768.00000 2026-01-01 00:00:00     1
     1     1        298.550         53.000      92290.000          1.410          0.657      -888888.0      -888888.0
     0     0
ULLUM_EMBALSE                              -31.46670   -68.66670   768.00000 2026-01-01 00:30:00     1
     1     1        298.650         51.000      92290.000          2.405          1.445      -888888.0      -888888.0
     0     0
ULLUM_EMBALSE                              -31.46670   -68.66670   768.00000 2026-01-01 01:00:00     1
     1     1        297.650         58.000      92270.000         -1.220         -0.919      -888888.0      -888888.0
     0     0
ULLUM_EMBALSE                              -31.46670   -68.66670   768.00000 2026-01-01 01:30:00     1
     1     1        297.750         58.000      92240.000          0.620         -0.713      -888888.0      -888888.0
     0     0
ULLUM_EMBALSE                              -31.46670   -68.66670   768.00000 2026-01-01 02:00:00     1
     1     1        297.350         61.000      92220.000         -0.044         -1.249      -888888.0      -888888.0
     0     0
ULLUM_EMBALSE                              -31.46670   -68.66670   768.00000 2026-01-01 02:30:00     1
     1     1        297.250         61.000      92190.000          0.392         -2.018      -888888.0      -888888.0
     0     0
ULLUM_EMBALSE                              -31.46670   -68.66670   768.00000 2026-01-01 03:00:00     1
     1     1        296.950         63.000      92180.000         -1.003         -1.039      -888888.0      -888888.0
     0     0
ULLUM_EMBALSE                              -31.46670   -68.66670   768.00000 2026-01-01 03:30:00     1
     1     1        296.350         66.000      92160.000         -0.736         -0.328      -888888.0      -888888.0
     0     0
ULLUM_EMBALSE                              -31.46670   -68.66670   768.00000 2026-01-01 04:00:00     1
     1     1        296.550         62.000      92140.000         -0.209         -0.392      -888888.0      -888888.0
     0     0
ULLUM_EMBALSE                              -31.46670   -68.66670   768.00000 2026-01-01 04:30:00     1
     1     1        296.250         66.000      92110.000         -0.023         -0.666      -888888.0      -888888.0
     0     0
ULLUM_EMBALSE                              -31.46670   -68.66670   768.00000 2026-01-01 05:00:00     1
     1     1        295.650         67.000      92090.000         -0.515         -0.824      -888888.0      -888888.0
     0     0
ULLUM_EMBALSE                              -31.46670   -68.66670   768.00000 2026-01-01 05:30:00     1
     1     1        296.150         67.000      92080.000          1.371         -1.819      -888888.0      -888888.0
     0     0
ULLUM_EMBALSE                              -31.46670   -68.66670   768.00000 2026-01-01 06:00:00     1
     1     1        296.250         68.000      92060.000          2.190         -1.021      -888888.0      -888888.0
     0     0
ULLUM_EMBALSE                              -31.46670   -68.66670   768.00000 2026-01-01 06:30:00     1
     1     1        295.550         73.000      92050.000          1.604         -3.017      -888888.0      -888888.0
     0     0
ULLUM_EMBALSE                              -31.46670   -68.66670   768.00000 2026-01-01 07:00:00     1
     1     1        294.950         79.000      92060.000          0.896         -3.124      -888888.0      -888888.0
     0     0
ULLUM_EMBALSE                              -31.46670   -68.66670   768.00000 2026-01-01 07:30:00     1
     1     1        295.450         75.000      92080.000          1.403         -2.430      -888888.0      -888888.0
     0     0
ULLUM_EMBALSE                              -31.46670   -68.66670   768.00000 2026-01-01 08:00:00     1
     1     1        296.550         64.000      92100.000          1.675         -0.746      -888888.0      -888888.0
     0     0
ULLUM_EMBALSE                              -31.46670   -68.66670   768.00000 2026-01-01 08:30:00     1
     1     1        297.650         58.000      92100.000          0.410         -1.644      -888888.0      -888888.0
     0     0
ULLUM_EMBALSE                              -31.46670   -68.66670   768.00000 2026-01-01 09:00:00     1
     1     1        299.350         52.000      92100.000          0.016         -0.472      -888888.0      -888888.0
     0     0
ULLUM_EMBALSE                              -31.46670   -68.66670   768.00000 2026-01-01 09:30:00     1
     1     1        300.950         43.000      92080.000         -0.467         -1.099      -888888.0      -888888.0
     0     0
ULLUM_EMBALSE                              -31.46670   -68.66670   768.00000 2026-01-01 10:00:00     1
     1     1        301.950         42.000      92070.000          0.105         -0.855      -888888.0      -888888.0
     0     0
ULLUM_EMBALSE                              -31.46670   -68.66670   768.00000 2026-01-01 10:30:00     1
     1     1        302.550         39.000      92060.000         -1.048          0.681      -888888.0      -888888.0
     0     0
ULLUM_EMBALSE                              -31.46670   -68.66670   768.00000 2026-01-01 11:00:00     1
     1     1        303.650         35.000      92040.000         -0.911          1.085      -888888.0      -888888.0
     0     0
ULLUM_EMBALSE                              -31.46670   -68.66670   768.00000 2026-01-01 11:30:00     1
     1     1        304.150         35.000      92000.000         -1.029          1.584      -888888.0      -888888.0
     0     0
ULLUM_EMBALSE                              -31.46670   -68.66670   768.00000 2026-01-01 12:00:00     1
     1     1        304.550         35.000      91960.000         -0.513          1.410      -888888.0      -888888.0
     0     0
ULLUM_EMBALSE                              -31.46670   -68.66670   768.00000 2026-01-01 12:30:00     1
     1     1        305.150         34.000      91910.000         -0.112          2.136      -888888.0      -888888.0
     0     0
ULLUM_EMBALSE                              -31.46670   -68.66670   768.00000 2026-01-01 13:00:00     1
     1     1        305.950         32.000      91870.000         -0.633          1.839      -888888.0      -888888.0
     0     0
ULLUM_EMBALSE                              -31.46670   -68.66670   768.00000 2026-01-01 13:30:00     1
     1     1        306.550         31.000      91810.000          0.124          1.773      -888888.0      -888888.0
     0     0
ULLUM_EMBALSE                              -31.46670   -68.66670   768.00000 2026-01-01 14:00:00     1
     1     1        307.150         30.000      91750.000         -0.160          1.519      -888888.0      -888888.0
     0     0
ULLUM_EMBALSE                              -31.46670   -68.66670   768.00000 2026-01-01 14:30:00     1
     1     1        307.750         29.000      91700.000         -0.889          1.823      -888888.0      -888888.0
     0     0
ULLUM_EMBALSE                              -31.46670   -68.66670   768.00000 2026-01-01 15:00:00     1
     1     1        308.150         29.000      91650.000         -0.435          2.236      -888888.0      -888888.0
     0     0
ULLUM_EMBALSE                              -31.46670   -68.66670   768.00000 2026-01-01 15:30:00     1
     1     1        308.650         27.000      91620.000         -0.037          2.111      -888888.0      -888888.0
     0     0
ULLUM_EMBALSE                              -31.46670   -68.66670   768.00000 2026-01-01 16:00:00     1
     1     1        308.950         27.000      91590.000         -0.121          2.302      -888888.0      -888888.0
     0     0
ULLUM_EMBALSE                              -31.46670   -68.66670   768.00000 2026-01-01 16:30:00     1
     1     1        308.850         27.000      91570.000         -0.054          3.083      -888888.0      -888888.0
     0     0
ULLUM_EMBALSE                              -31.46670   -68.66670   768.00000 2026-01-01 17:00:00     1
     1     1        309.050         26.000      91540.000          0.150          2.857      -888888.0      -888888.0
     0     0
ULLUM_EMBALSE                              -31.46670   -68.66670   768.00000 2026-01-01 17:30:00     1
     1     1        309.250         25.000      91510.000         -0.132          2.524      -888888.0      -888888.0
     0     0
ULLUM_EMBALSE                              -31.46670   -68.66670   768.00000 2026-01-01 18:00:00     1
     1     1        308.550         24.000      91500.000         -0.176          2.522      -888888.0      -888888.0
     0     0
ULLUM_EMBALSE                              -31.46670   -68.66670   768.00000 2026-01-01 18:30:00     1
     1     1        308.050         25.000      91500.000         -0.238          2.265      -888888.0      -888888.0
     0     0
ULLUM_EMBALSE                              -31.46670   -68.66670   768.00000 2026-01-01 19:00:00     1
     1     1        307.650         26.000      91520.000          0.232          2.210      -888888.0      -888888.0
     0     0
ULLUM_EMBALSE                              -31.46670   -68.66670   768.00000 2026-01-01 19:30:00     1
     1     1        307.450         26.000      91550.000          0.221          2.100      -888888.0      -888888.0
     0     0
ULLUM_EMBALSE                              -31.46670   -68.66670   768.00000 2026-01-01 20:00:00     1
     1     1        307.350         26.000      91590.000          0.506          2.192      -888888.0      -888888.0
     0     0
ULLUM_EMBALSE                              -31.46670   -68.66670   768.00000 2026-01-01 20:30:00     1
     1     1        307.050         27.000      91640.000          0.100          1.914      -888888.0      -888888.0
     0     0
ULLUM_EMBALSE                              -31.46670   -68.66670   768.00000 2026-01-01 21:00:00     1
     1     1        306.650         27.000      91640.000         -0.313          1.609      -888888.0      -888888.0
     0     0
ULLUM_EMBALSE                              -31.46670   -68.66670   768.00000 2026-01-01 21:30:00     1
     1     1        306.250         28.000      91670.000          0.122          1.160      -888888.0      -888888.0
     0     0
ULLUM_EMBALSE                              -31.46670   -68.66670   768.00000 2026-01-01 22:00:00     1
     1     1        305.750         28.000      91730.000         -0.933          0.653      -888888.0      -888888.0
     0     0
ULLUM_EMBALSE                              -31.46670   -68.66670   768.00000 2026-01-01 22:30:00     1
     1     1        304.550         34.000      91760.000          0.021         -0.611      -888888.0      -888888.0
     0     0
ULLUM_EMBALSE                              -31.46670   -68.66670   768.00000 2026-01-01 23:00:00     1
     1     1        305.150         30.000      91770.000          0.289          1.641      -888888.0      -888888.0
     0     0
ULLUM_EMBALSE                              -31.46670   -68.66670   768.00000 2026-01-01 23:30:00     1
     1     1        304.050         37.000      91800.000          0.257          0.705      -888888.0      -888888.0
     0     0
ECOHUMUS                                   -31.65000   -68.30000   600.00000 2026-01-01 00:00:00     1
     1     1        299.050         50.000      94520.000         -1.238          3.065      -888888.0      -888888.0
     0     0
ECOHUMUS                                   -31.65000   -68.30000   600.00000 2026-01-01 00:30:00     1
     1     1        299.950         44.000      94600.000          0.590          0.875      -888888.0      -888888.0
     0     0
ECOHUMUS                                   -31.65000   -68.30000   600.00000 2026-01-01 01:00:00     1
     1     1        298.650         52.000      94600.000          0.432          0.432      -888888.0      -888888.0
     0     0
ECOHUMUS                                   -31.65000   -68.30000   600.00000 2026-01-01 01:30:00     1
     1     1        296.750         61.000      94580.000          0.257          0.328      -888888.0      -888888.0
     0     0
ECOHUMUS                                   -31.65000   -68.30000   600.00000 2026-01-01 02:00:00     1
     1     1        295.250         73.000      94560.000          0.010          0.026      -888888.0      -888888.0
     0     0
ECOHUMUS                                   -31.65000   -68.30000   600.00000 2026-01-01 02:30:00     1
     1     1        294.750         75.000      94570.000         -0.261          0.491      -888888.0      -888888.0
     0     0
ECOHUMUS                                   -31.65000   -68.30000   600.00000 2026-01-01 03:00:00     1
     1     1        294.850         72.000      94530.000         -0.267          0.355      -888888.0      -888888.0
     0     0
ECOHUMUS                                   -31.65000   -68.30000   600.00000 2026-01-01 03:30:00     1
     1     1        294.750         70.000      94490.000         -0.061          0.384      -888888.0      -888888.0
     0     0
ECOHUMUS                                   -31.65000   -68.30000   600.00000 2026-01-01 04:00:00     1
     1     1        293.250         81.000      94450.000         -0.001          0.028      -888888.0      -888888.0
     0     0
ECOHUMUS                                   -31.65000   -68.30000   600.00000 2026-01-01 04:30:00     1
     1     1        292.350         85.000      94430.000          0.004          0.055      -888888.0      -888888.0
     0     0
ECOHUMUS                                   -31.65000   -68.30000   600.00000 2026-01-01 05:00:00     1
     1     1        291.750         87.000      94430.000          0.108          0.087      -888888.0      -888888.0
     0     0
ECOHUMUS                                   -31.65000   -68.30000   600.00000 2026-01-01 05:30:00     1
     1     1        290.950         88.000      94430.000          0.000          0.000      -888888.0      -888888.0
     0     0
ECOHUMUS                                   -31.65000   -68.30000   600.00000 2026-01-01 06:00:00     1
     1     1        290.550         88.000      94410.000          0.000          0.000      -888888.0      -888888.0
     0     0
ECOHUMUS                                   -31.65000   -68.30000   600.00000 2026-01-01 06:30:00     1
     1     1        290.550         88.000      94400.000          0.000          0.000      -888888.0      -888888.0
     0     0
ECOHUMUS                                   -31.65000   -68.30000   600.00000 2026-01-01 07:00:00     1
     1     1        292.450         82.000      94410.000          0.074          0.083      -888888.0      -888888.0
     0     0
ECOHUMUS                                   -31.65000   -68.30000   600.00000 2026-01-01 07:30:00     1
     1     1        294.550         72.000      94430.000          0.080          0.409      -888888.0      -888888.0
     0     0
ECOHUMUS                                   -31.65000   -68.30000   600.00000 2026-01-01 08:00:00     1
     1     1        297.050         61.000      94440.000         -0.530         -0.848      -888888.0      -888888.0
     0     0
ECOHUMUS                                   -31.65000   -68.30000   600.00000 2026-01-01 08:30:00     1
     1     1        298.550         56.000      94460.000         -0.406         -1.004      -888888.0      -888888.0
     0     0
ECOHUMUS                                   -31.65000   -68.30000   600.00000 2026-01-01 09:00:00     1
     1     1        299.850         51.000      94470.000          0.374         -1.222      -888888.0      -888888.0
     0     0
ECOHUMUS                                   -31.65000   -68.30000   600.00000 2026-01-01 09:30:00     1
     1     1        301.050         47.000      94460.000         -0.314         -1.095      -888888.0      -888888.0
     0     0
ECOHUMUS                                   -31.65000   -68.30000   600.00000 2026-01-01 10:00:00     1
     1     1        302.550         43.000      94440.000         -0.342         -0.940      -888888.0      -888888.0
     0     0
ECOHUMUS                                   -31.65000   -68.30000   600.00000 2026-01-01 10:30:00     1
     1     1        303.950         38.000      94420.000          0.380         -0.895      -888888.0      -888888.0
     0     0
ECOHUMUS                                   -31.65000   -68.30000   600.00000 2026-01-01 11:00:00     1
     1     1        305.250         33.000      94410.000          0.496         -0.635      -888888.0      -888888.0
     0     0
ECOHUMUS                                   -31.65000   -68.30000   600.00000 2026-01-01 11:30:00     1
     1     1        306.450         30.000      94370.000         -0.314          1.095      -888888.0      -888888.0
     0     0
ECOHUMUS                                   -31.65000   -68.30000   600.00000 2026-01-01 12:00:00     1
     1     1        306.950         29.000      94340.000          0.309          1.009      -888888.0      -888888.0
     0     0
ECOHUMUS                                   -31.65000   -68.30000   600.00000 2026-01-01 12:30:00     1
     1     1        307.850         27.000      94300.000          0.017          0.972      -888888.0      -888888.0
     0     0
ECOHUMUS                                   -31.65000   -68.30000   600.00000 2026-01-01 13:00:00     1
     1     1        308.450         27.000      94260.000         -0.135          0.963      -888888.0      -888888.0
     0     0
ECOHUMUS                                   -31.65000   -68.30000   600.00000 2026-01-01 13:30:00     1
     1     1        309.150         25.000      94200.000         -0.767          0.391      -888888.0      -888888.0
     0     0
ECOHUMUS                                   -31.65000   -68.30000   600.00000 2026-01-01 14:00:00     1
     1     1        309.350         25.000      94130.000         -0.135          0.851      -888888.0      -888888.0
     0     0
ECOHUMUS                                   -31.65000   -68.30000   600.00000 2026-01-01 14:30:00     1
     1     1        309.950         24.000      94080.000          0.496          0.932      -888888.0      -888888.0
     0     0
ECOHUMUS                                   -31.65000   -68.30000   600.00000 2026-01-01 15:00:00     1
     1     1        310.150         24.000      94040.000          0.944          0.637      -888888.0      -888888.0
     0     0
ECOHUMUS                                   -31.65000   -68.30000   600.00000 2026-01-01 15:30:00     1
     1     1        310.550         23.000      93990.000          0.877          0.268      -888888.0      -888888.0
     0     0
ECOHUMUS                                   -31.65000   -68.30000   600.00000 2026-01-01 16:00:00     1
     1     1        310.850         23.000      93940.000          0.217          1.118      -888888.0      -888888.0
     0     0
ECOHUMUS                                   -31.65000   -68.30000   600.00000 2026-01-01 16:30:00     1
     1     1        310.950         24.000      93900.000          0.604          1.494      -888888.0      -888888.0
     0     0
ECOHUMUS                                   -31.65000   -68.30000   600.00000 2026-01-01 17:00:00     1
     1     1        311.050         24.000      93860.000          0.597          1.733      -888888.0      -888888.0
     0     0
ECOHUMUS                                   -31.65000   -68.30000   600.00000 2026-01-01 17:30:00     1
     1     1        310.850         23.000      93820.000          0.716          1.688      -888888.0      -888888.0
     0     0
ECOHUMUS                                   -31.65000   -68.30000   600.00000 2026-01-01 18:00:00     1
     1     1        310.750         24.000      93800.000          0.674          2.350      -888888.0      -888888.0
     0     0
ECOHUMUS                                   -31.65000   -68.30000   600.00000 2026-01-01 18:30:00     1
     1     1        310.050         25.000      93790.000          0.986          2.115      -888888.0      -888888.0
     0     0
ECOHUMUS                                   -31.65000   -68.30000   600.00000 2026-01-01 19:00:00     1
     1     1        309.250         27.000      93810.000          0.597          1.556      -888888.0      -888888.0
     0     0
ECOHUMUS                                   -31.65000   -68.30000   600.00000 2026-01-01 19:30:00     1
     1     1        308.350         28.000      93840.000          0.370          1.739      -888888.0      -888888.0
     0     0
ECOHUMUS                                   -31.65000   -68.30000   600.00000 2026-01-01 20:00:00     1
     1     1        307.250         30.000      93870.000          0.262          1.051      -888888.0      -888888.0
     0     0
ECOHUMUS                                   -31.65000   -68.30000   600.00000 2026-01-01 20:30:00     1
     1     1        304.450         35.000      93920.000          0.266          0.819      -888888.0      -888888.0
     0     0
ECOHUMUS                                   -31.65000   -68.30000   600.00000 2026-01-01 21:00:00     1
     1     1        302.850         38.000      93970.000          0.115          0.401      -888888.0      -888888.0
     0     0
ECOHUMUS                                   -31.65000   -68.30000   600.00000 2026-01-01 21:30:00     1
     1     1        301.450         42.000      93980.000          0.023          0.165      -888888.0      -888888.0
     0     0
ECOHUMUS                                   -31.65000   -68.30000   600.00000 2026-01-01 22:00:00     1
     1     1        301.750         38.000      93990.000         -0.053          0.609      -888888.0      -888888.0
     0     0
ECOHUMUS                                   -31.65000   -68.30000   600.00000 2026-01-01 22:30:00     1
     1     1        300.750         41.000      94040.000         -0.027          0.108      -888888.0      -888888.0
     0     0
ECOHUMUS                                   -31.65000   -68.30000   600.00000 2026-01-01 23:00:00     1
     1     1        299.550         44.000      94060.000          0.031          0.107      -888888.0      -888888.0
     0     0
ECOHUMUS                                   -31.65000   -68.30000   600.00000 2026-01-01 23:30:00     1
     1     1        298.550         47.000      94090.000          0.000          0.000      -888888.0      -888888.0
     0     0
PUNTA_NEGRA                                -31.51920   -68.81780   800.00000 2026-01-01 00:00:00     1
     1     1        294.950         76.000      91720.000          0.343          0.183      -888888.0      -888888.0
     0     0
PUNTA_NEGRA                                -31.51920   -68.81780   800.00000 2026-01-01 00:30:00     1
     1     1        297.550         57.000      91700.000          0.701          0.752      -888888.0      -888888.0
     0     0
PUNTA_NEGRA                                -31.51920   -68.81780   800.00000 2026-01-01 01:00:00     1
     1     1        296.750         65.000      91670.000          0.046          0.442      -888888.0      -888888.0
     0     0
PUNTA_NEGRA                                -31.51920   -68.81780   800.00000 2026-01-01 01:30:00     1
     1     1        296.950         62.000      91640.000          0.276         -0.034      -888888.0      -888888.0
     0     0
PUNTA_NEGRA                                -31.51920   -68.81780   800.00000 2026-01-01 02:00:00     1
     1     1        296.950         63.000      91620.000          0.146          0.081      -888888.0      -888888.0
     0     0
PUNTA_NEGRA                                -31.51920   -68.81780   800.00000 2026-01-01 02:30:00     1
     1     1        296.750         65.000      91580.000          0.357          0.215      -888888.0      -888888.0
     0     0
PUNTA_NEGRA                                -31.51920   -68.81780   800.00000 2026-01-01 03:00:00     1
     1     1        297.350         60.000      91550.000          0.842          0.486      -888888.0      -888888.0
     0     0
PUNTA_NEGRA                                -31.51920   -68.81780   800.00000 2026-01-01 03:30:00     1
     1     1        296.750         64.000      91530.000         -0.000          0.111      -888888.0      -888888.0
     0     0
PUNTA_NEGRA                                -31.51920   -68.81780   800.00000 2026-01-01 04:00:00     1
     1     1        295.950         70.000      91510.000          0.037          0.075      -888888.0      -888888.0
     0     0
PUNTA_NEGRA                                -31.51920   -68.81780   800.00000 2026-01-01 04:30:00     1
     1     1        295.550         73.000      91500.000          0.027          0.136      -888888.0      -888888.0
     0     0
PUNTA_NEGRA                                -31.51920   -68.81780   800.00000 2026-01-01 05:00:00     1
     1     1        295.150         75.000      91480.000          0.082          0.112      -888888.0      -888888.0
     0     0
PUNTA_NEGRA                                -31.51920   -68.81780   800.00000 2026-01-01 05:30:00     1
     1     1        296.150         64.000      91460.000          0.435          0.645      -888888.0      -888888.0
     0     0
PUNTA_NEGRA                                -31.51920   -68.81780   800.00000 2026-01-01 06:00:00     1
     1     1        296.650         63.000      91440.000          1.000          0.601      -888888.0      -888888.0
     0     0
PUNTA_NEGRA                                -31.51920   -68.81780   800.00000 2026-01-01 06:30:00     1
     1     1        296.350         65.000      91430.000          0.842          0.590      -888888.0      -888888.0
     0     0
PUNTA_NEGRA                                -31.51920   -68.81780   800.00000 2026-01-01 07:00:00     1
     1     1        296.450         64.000      91420.000          0.679          0.656      -888888.0      -888888.0
     0     0
PUNTA_NEGRA                                -31.51920   -68.81780   800.00000 2026-01-01 07:30:00     1
     1     1        297.650         61.000      91440.000          0.025          0.360      -888888.0      -888888.0
     0     0
PUNTA_NEGRA                                -31.51920   -68.81780   800.00000 2026-01-01 08:00:00     1
     1     1        299.450         54.000      91460.000         -0.175          0.250      -888888.0      -888888.0
     0     0
PUNTA_NEGRA                                -31.51920   -68.81780   800.00000 2026-01-01 08:30:00     1
     1     1        299.650         53.000      91480.000         -0.292          0.335      -888888.0      -888888.0
     0     0
PUNTA_NEGRA                                -31.51920   -68.81780   800.00000 2026-01-01 09:00:00     1
     1     1        300.350         50.000      91480.000         -0.189          0.371      -888888.0      -888888.0
     0     0
PUNTA_NEGRA                                -31.51920   -68.81780   800.00000 2026-01-01 09:30:00     1
     1     1        301.550         44.000      91470.000         -0.169          0.381      -888888.0      -888888.0
     0     0
PUNTA_NEGRA                                -31.51920   -68.81780   800.00000 2026-01-01 10:00:00     1
     1     1        302.050         46.000      91450.000         -0.409          0.236      -888888.0      -888888.0
     0     0
PUNTA_NEGRA                                -31.51920   -68.81780   800.00000 2026-01-01 10:30:00     1
     1     1        302.450         43.000      91430.000         -0.638          0.033      -888888.0      -888888.0
     0     0
PUNTA_NEGRA                                -31.51920   -68.81780   800.00000 2026-01-01 11:00:00     1
     1     1        303.550         40.000      91410.000         -0.724          0.353      -888888.0      -888888.0
     0     0
PUNTA_NEGRA                                -31.51920   -68.81780   800.00000 2026-01-01 11:30:00     1
     1     1        304.350         39.000      91380.000         -0.830          0.073      -888888.0      -888888.0
     0     0
PUNTA_NEGRA                                -31.51920   -68.81780   800.00000 2026-01-01 12:00:00     1
     1     1        304.950         38.000      91340.000         -0.829         -0.087      -888888.0      -888888.0
     0     0
PUNTA_NEGRA                                -31.51920   -68.81780   800.00000 2026-01-01 12:30:00     1
     1     1        305.750         35.000      91300.000         -0.775          0.068      -888888.0      -888888.0
     0     0
PUNTA_NEGRA                                -31.51920   -68.81780   800.00000 2026-01-01 13:00:00     1
     1     1        306.150         33.000      91260.000         -0.424          0.652      -888888.0      -888888.0
     0     0
PUNTA_NEGRA                                -31.51920   -68.81780   800.00000 2026-01-01 13:30:00     1
     1     1        306.550         33.000      91200.000         -0.774          0.542      -888888.0      -888888.0
     0     0
PUNTA_NEGRA                                -31.51920   -68.81780   800.00000 2026-01-01 14:00:00     1
     1     1        306.950         32.000      91150.000         -0.564          0.722      -888888.0      -888888.0
     0     0
PUNTA_NEGRA                                -31.51920   -68.81780   800.00000 2026-01-01 14:30:00     1
     1     1        307.450         31.000      91100.000         -0.632          0.702      -888888.0      -888888.0
     0     0
PUNTA_NEGRA                                -31.51920   -68.81780   800.00000 2026-01-01 15:00:00     1
     1     1        308.350         29.000      91060.000         -0.670          0.625      -888888.0      -888888.0
     0     0
PUNTA_NEGRA                                -31.51920   -68.81780   800.00000 2026-01-01 15:30:00     1
     1     1        308.350         29.000      91020.000         -0.427          0.683      -888888.0      -888888.0
     0     0
PUNTA_NEGRA                                -31.51920   -68.81780   800.00000 2026-01-01 16:00:00     1
     1     1        308.750         28.000      90990.000         -0.711          0.663      -888888.0      -888888.0
     0     0
PUNTA_NEGRA                                -31.51920   -68.81780   800.00000 2026-01-01 16:30:00     1
     1     1        309.150         27.000      90970.000         -0.135          0.766      -888888.0      -888888.0
     0     0
PUNTA_NEGRA                                -31.51920   -68.81780   800.00000 2026-01-01 17:00:00     1
     1     1        307.950         28.000      90940.000         -0.540          0.521      -888888.0      -888888.0
     0     0
PUNTA_NEGRA                                -31.51920   -68.81780   800.00000 2026-01-01 17:30:00     1
     1     1        307.850         28.000      90910.000         -0.767          0.391      -888888.0      -888888.0
     0     0
PUNTA_NEGRA                                -31.51920   -68.81780   800.00000 2026-01-01 18:00:00     1
     1     1        308.650         27.000      90900.000         -0.684          0.121      -888888.0      -888888.0
     0     0
PUNTA_NEGRA                                -31.51920   -68.81780   800.00000 2026-01-01 18:30:00     1
     1     1        308.250         27.000      90910.000         -0.401          0.532      -888888.0      -888888.0
     0     0
PUNTA_NEGRA                                -31.51920   -68.81780   800.00000 2026-01-01 19:00:00     1
     1     1        307.250         27.000      90940.000         -0.680          0.317      -888888.0      -888888.0
     0     0
PUNTA_NEGRA                                -31.51920   -68.81780   800.00000 2026-01-01 19:30:00     1
     1     1        307.150         26.000      90970.000         -0.212          0.292      -888888.0      -888888.0
     0     0
PUNTA_NEGRA                                -31.51920   -68.81780   800.00000 2026-01-01 20:00:00     1
     1     1        306.250         27.000      91020.000          0.173          0.088      -888888.0      -888888.0
     0     0
PUNTA_NEGRA                                -31.51920   -68.81780   800.00000 2026-01-01 20:30:00     1
     1     1        305.550         29.000      91060.000          0.105          0.091      -888888.0      -888888.0
     0     0
PUNTA_NEGRA                                -31.51920   -68.81780   800.00000 2026-01-01 21:00:00     1
     1     1        304.650         31.000      91070.000          0.173          0.140      -888888.0      -888888.0
     0     0
PUNTA_NEGRA                                -31.51920   -68.81780   800.00000 2026-01-01 21:30:00     1
     1     1        304.950         31.000      91110.000          0.446          0.227      -888888.0      -888888.0
     0     0
PUNTA_NEGRA                                -31.51920   -68.81780   800.00000 2026-01-01 22:00:00     1
     1     1        304.450         33.000      91150.000          0.129          0.214      -888888.0      -888888.0
     0     0
PUNTA_NEGRA                                -31.51920   -68.81780   800.00000 2026-01-01 22:30:00     1
     1     1        304.450         32.000      91180.000          0.316          0.351      -888888.0      -888888.0
     0     0
PUNTA_NEGRA                                -31.51920   -68.81780   800.00000 2026-01-01 23:00:00     1
     1     1        304.150         33.000      91200.000          0.583          0.323      -888888.0      -888888.0
     0     0
PUNTA_NEGRA                                -31.51920   -68.81780   800.00000 2026-01-01 23:30:00     1
     1     1        303.650         34.000      91220.000          0.906          0.423      -888888.0      -888888.0
     0     0
VALLE_FERTIL                               -30.63350   -67.46820   900.00000 2026-01-01 00:00:00     1
     1     1        295.650         75.000      91610.000          1.024         -0.499      -888888.0      -888888.0
     0     0
VALLE_FERTIL                               -30.63350   -67.46820   900.00000 2026-01-01 00:30:00     1
     1     1        295.550         75.000      91570.000          0.007         -0.027      -888888.0      -888888.0
     0     0
VALLE_FERTIL                               -30.63350   -67.46820   900.00000 2026-01-01 01:00:00     1
     1     1        294.550         79.000      91550.000          0.058         -0.060      -888888.0      -888888.0
     0     0
VALLE_FERTIL                               -30.63350   -67.46820   900.00000 2026-01-01 01:30:00     1
     1     1        294.550         79.000      91560.000          0.246         -0.264      -888888.0      -888888.0
     0     0
VALLE_FERTIL                               -30.63350   -67.46820   900.00000 2026-01-01 02:00:00     1
     1     1        294.450         82.000      91550.000          0.109         -0.315      -888888.0      -888888.0
     0     0
VALLE_FERTIL                               -30.63350   -67.46820   900.00000 2026-01-01 02:30:00     1
     1     1        293.950         86.000      91480.000          0.529         -0.306      -888888.0      -888888.0
     0     0
VALLE_FERTIL                               -30.63350   -67.46820   900.00000 2026-01-01 03:00:00     1
     1     1        294.150         85.000      91420.000          0.294         -0.156      -888888.0      -888888.0
     0     0
VALLE_FERTIL                               -30.63350   -67.46820   900.00000 2026-01-01 03:30:00     1
     1     1        293.450         87.000      91380.000          0.489         -0.411      -888888.0      -888888.0
     0     0
VALLE_FERTIL                               -30.63350   -67.46820   900.00000 2026-01-01 04:00:00     1
     1     1        294.050         82.000      91350.000          0.287         -0.410      -888888.0      -888888.0
     0     0
VALLE_FERTIL                               -30.63350   -67.46820   900.00000 2026-01-01 04:30:00     1
     1     1        292.950         88.000      91320.000          0.726         -0.279      -888888.0      -888888.0
     0     0
VALLE_FERTIL                               -30.63350   -67.46820   900.00000 2026-01-01 05:00:00     1
     1     1        293.450         83.000      91280.000          0.881         -0.529      -888888.0      -888888.0
     0     0
VALLE_FERTIL                               -30.63350   -67.46820   900.00000 2026-01-01 05:30:00     1
     1     1        294.450         77.000      91280.000          1.177         -0.626      -888888.0      -888888.0
     0     0
VALLE_FERTIL                               -30.63350   -67.46820   900.00000 2026-01-01 06:00:00     1
     1     1        293.050         82.000      91280.000          0.304         -0.362      -888888.0      -888888.0
     0     0
VALLE_FERTIL                               -30.63350   -67.46820   900.00000 2026-01-01 06:30:00     1
     1     1        293.850         76.000      91270.000          0.112         -0.124      -888888.0      -888888.0
     0     0
VALLE_FERTIL                               -30.63350   -67.46820   900.00000 2026-01-01 07:00:00     1
     1     1        296.750         61.000      91280.000          0.914         -0.064      -888888.0      -888888.0
     0     0
VALLE_FERTIL                               -30.63350   -67.46820   900.00000 2026-01-01 07:30:00     1
     1     1        298.550         55.000      91330.000          0.134         -0.036      -888888.0      -888888.0
     0     0
VALLE_FERTIL                               -30.63350   -67.46820   900.00000 2026-01-01 08:00:00     1
     1     1        298.850         60.000      91370.000         -0.077         -0.438      -888888.0      -888888.0
     0     0
VALLE_FERTIL                               -30.63350   -67.46820   900.00000 2026-01-01 08:30:00     1
     1     1        300.450         51.000      91410.000         -0.099          0.289      -888888.0      -888888.0
     0     0
VALLE_FERTIL                               -30.63350   -67.46820   900.00000 2026-01-01 09:00:00     1
     1     1        300.950         48.000      91440.000         -0.327          0.153      -888888.0      -888888.0
     0     0
VALLE_FERTIL                               -30.63350   -67.46820   900.00000 2026-01-01 09:30:00     1
     1     1        301.650         46.000      91440.000         -0.500         -0.000      -888888.0      -888888.0
     0     0
VALLE_FERTIL                               -30.63350   -67.46820   900.00000 2026-01-01 10:00:00     1
     1     1        302.150         44.000      91440.000         -0.524         -0.064      -888888.0      -888888.0
     0     0
VALLE_FERTIL                               -30.63350   -67.46820   900.00000 2026-01-01 10:30:00     1
     1     1        302.850         44.000      91430.000         -0.405          0.294      -888888.0      -888888.0
     0     0
VALLE_FERTIL                               -30.63350   -67.46820   900.00000 2026-01-01 11:00:00     1
     1     1        303.050         44.000      91410.000         -0.848          0.530      -888888.0      -888888.0
     0     0
VALLE_FERTIL                               -30.63350   -67.46820   900.00000 2026-01-01 11:30:00     1
     1     1        303.550         46.000      91380.000         -1.024          0.499      -888888.0      -888888.0
     0     0
VALLE_FERTIL                               -30.63350   -67.46820   900.00000 2026-01-01 12:00:00     1
     1     1        304.050         45.000      91360.000         -0.849          0.879      -888888.0      -888888.0
     0     0
VALLE_FERTIL                               -30.63350   -67.46820   900.00000 2026-01-01 12:30:00     1
     1     1        304.550         44.000      91330.000         -1.013          0.633      -888888.0      -888888.0
     0     0
VALLE_FERTIL                               -30.63350   -67.46820   900.00000 2026-01-01 13:00:00     1
     1     1        305.250         39.000      91310.000         -0.583          0.323      -888888.0      -888888.0
     0     0
VALLE_FERTIL                               -30.63350   -67.46820   900.00000 2026-01-01 13:30:00     1
     1     1        305.950         36.000      91270.000         -0.657         -0.226      -888888.0      -888888.0
     0     0
VALLE_FERTIL                               -30.63350   -67.46820   900.00000 2026-01-01 14:00:00     1
     1     1        306.350         35.000      91230.000         -0.384          0.163      -888888.0      -888888.0
     0     0
VALLE_FERTIL                               -30.63350   -67.46820   900.00000 2026-01-01 14:30:00     1
     1     1        306.850         33.000      91190.000         -0.139         -0.002      -888888.0      -888888.0
     0     0
VALLE_FERTIL                               -30.63350   -67.46820   900.00000 2026-01-01 15:00:00     1
     1     1        307.050         35.000      91160.000         -0.054          0.012      -888888.0      -888888.0
     0     0
VALLE_FERTIL                               -30.63350   -67.46820   900.00000 2026-01-01 15:30:00     1
     1     1        307.350         36.000      91120.000         -0.144          0.083      -888888.0      -888888.0
     0     0
VALLE_FERTIL                               -30.63350   -67.46820   900.00000 2026-01-01 16:00:00     1
     1     1        307.450         37.000      91090.000         -0.022          0.016      -888888.0      -888888.0
     0     0
VALLE_FERTIL                               -30.63350   -67.46820   900.00000 2026-01-01 16:30:00     1
     1     1        307.450         36.000      91060.000         -0.055          0.005      -888888.0      -888888.0
     0     0
VALLE_FERTIL                               -30.63350   -67.46820   900.00000 2026-01-01 17:00:00     1
     1     1        307.650         34.000      91020.000         -0.027          0.007      -888888.0      -888888.0
     0     0
VALLE_FERTIL                               -30.63350   -67.46820   900.00000 2026-01-01 17:30:00     1
     1     1        307.550         34.000      90980.000         -0.111          0.012      -888888.0      -888888.0
     0     0
VALLE_FERTIL                               -30.63350   -67.46820   900.00000 2026-01-01 18:00:00     1
     1     1        307.450         33.000      90970.000         -0.111          0.006      -888888.0      -888888.0
     0     0
VALLE_FERTIL                               -30.63350   -67.46820   900.00000 2026-01-01 18:30:00     1
     1     1        307.150         33.000      90980.000         -0.028          0.003      -888888.0      -888888.0
     0     0
VALLE_FERTIL                               -30.63350   -67.46820   900.00000 2026-01-01 19:00:00     1
     1     1        306.750         33.000      91010.000         -0.079         -0.026      -888888.0      -888888.0
     0     0
VALLE_FERTIL                               -30.63350   -67.46820   900.00000 2026-01-01 19:30:00     1
     1     1        306.050         33.000      91040.000         -0.349         -0.227      -888888.0      -888888.0
     0     0
VALLE_FERTIL                               -30.63350   -67.46820   900.00000 2026-01-01 20:00:00     1
     1     1        304.550         38.000      91060.000         -0.000         -0.000      -888888.0      -888888.0
     0     0
VALLE_FERTIL                               -30.63350   -67.46820   900.00000 2026-01-01 20:30:00     1
     1     1        302.150         46.000      91090.000          0.000         -0.000      -888888.0      -888888.0
     0     0
VALLE_FERTIL                               -30.63350   -67.46820   900.00000 2026-01-01 21:00:00     1
     1     1        301.650         46.000      91110.000          0.000         -0.000      -888888.0      -888888.0
     0     0
VALLE_FERTIL                               -30.63350   -67.46820   900.00000 2026-01-01 21:30:00     1
     1     1        300.750         48.000      91140.000          0.000         -0.000      -888888.0      -888888.0
     0     0
VALLE_FERTIL                               -30.63350   -67.46820   900.00000 2026-01-01 22:00:00     1
     1     1        300.250         49.000      91170.000          0.000         -0.000      -888888.0      -888888.0
     0     0
VALLE_FERTIL                               -30.63350   -67.46820   900.00000 2026-01-01 22:30:00     1
     1     1        301.950         43.000      91180.000          0.000          0.000      -888888.0      -888888.0
     0     0
VALLE_FERTIL                               -30.63350   -67.46820   900.00000 2026-01-01 23:00:00     1
     1     1        298.950         53.000      91200.000          0.000         -0.000      -888888.0      -888888.0
     0     0
VALLE_FERTIL                               -30.63350   -67.46820   900.00000 2026-01-01 23:30:00     1
     1     1        296.850         58.000      91210.000          0.000         -0.000      -888888.0      -888888.0
     0     0
CUESTA_Viento                              -30.18330   -69.06670  1530.00000 2026-01-01 00:00:00     1
     1     1        298.750         42.000      85010.000          2.105          3.369      -888888.0      -888888.0
     0     0
CUESTA_Viento                              -30.18330   -69.06670  1530.00000 2026-01-01 00:30:00     1
     1     1        298.350         42.000      85030.000          1.207          2.988      -888888.0      -888888.0
     0     0
CUESTA_Viento                              -30.18330   -69.06670  1530.00000 2026-01-01 01:00:00     1
     1     1        298.250         40.000      85020.000          1.115          2.904      -888888.0      -888888.0
     0     0
CUESTA_Viento                              -30.18330   -69.06670  1530.00000 2026-01-01 01:30:00     1
     1     1        297.950         40.000      85020.000          2.458          3.934      -888888.0      -888888.0
     0     0
CUESTA_Viento                              -30.18330   -69.06670  1530.00000 2026-01-01 02:00:00     1
     1     1        296.850         44.000      85020.000          1.696          4.198      -888888.0      -888888.0
     0     0
CUESTA_Viento                              -30.18330   -69.06670  1530.00000 2026-01-01 02:30:00     1
     1     1        296.550         43.000      85020.000          1.050          3.917      -888888.0      -888888.0
     0     0
CUESTA_Viento                              -30.18330   -69.06670  1530.00000 2026-01-01 03:00:00     1
     1     1        296.150         42.000      85010.000          2.412          2.979      -888888.0      -888888.0
     0     0
CUESTA_Viento                              -30.18330   -69.06670  1530.00000 2026-01-01 03:30:00     1
     1     1        295.750         43.000      85000.000          1.681          2.911      -888888.0      -888888.0
     0     0
CUESTA_Viento                              -30.18330   -69.06670  1530.00000 2026-01-01 04:00:00     1
     1     1        295.250         45.000      84990.000          1.467          3.631      -888888.0      -888888.0
     0     0
CUESTA_Viento                              -30.18330   -69.06670  1530.00000 2026-01-01 04:30:00     1
     1     1        295.350         45.000      84990.000          1.461          2.747      -888888.0      -888888.0
     0     0
CUESTA_Viento                              -30.18330   -69.06670  1530.00000 2026-01-01 05:00:00     1
     1     1        295.550         44.000      84990.000          1.197          2.568      -888888.0      -888888.0
     0     0
CUESTA_Viento                              -30.18330   -69.06670  1530.00000 2026-01-01 05:30:00     1
     1     1        295.550         44.000      85000.000          0.673          1.585      -888888.0      -888888.0
     0     0
CUESTA_Viento                              -30.18330   -69.06670  1530.00000 2026-01-01 06:00:00     1
     1     1        295.550         44.000      85000.000          0.022          0.638      -888888.0      -888888.0
     0     0
CUESTA_Viento                              -30.18330   -69.06670  1530.00000 2026-01-01 06:30:00     1
     1     1        295.350         45.000      85000.000         -0.019          0.138      -888888.0      -888888.0
     0     0
CUESTA_Viento                              -30.18330   -69.06670  1530.00000 2026-01-01 07:00:00     1
     1     1        295.050         46.000      85010.000          0.008          0.111      -888888.0      -888888.0
     0     0
CUESTA_Viento                              -30.18330   -69.06670  1530.00000 2026-01-01 07:30:00     1
     1     1        294.150         48.000      85020.000          0.000          0.000      -888888.0      -888888.0
     0     0
CUESTA_Viento                              -30.18330   -69.06670  1530.00000 2026-01-01 08:00:00     1
     1     1        294.550         48.000      85040.000          0.000          0.000      -888888.0      -888888.0
     0     0
CUESTA_Viento                              -30.18330   -69.06670  1530.00000 2026-01-01 08:30:00     1
     1     1        296.250         45.000      85040.000         -0.110          0.015      -888888.0      -888888.0
     0     0
CUESTA_Viento                              -30.18330   -69.06670  1530.00000 2026-01-01 09:00:00     1
     1     1        298.350         40.000      85030.000         -0.189          0.047      -888888.0      -888888.0
     0     0
CUESTA_Viento                              -30.18330   -69.06670  1530.00000 2026-01-01 09:30:00     1
     1     1        299.050         38.000      85010.000         -0.136         -0.305      -888888.0      -888888.0
     0     0
CUESTA_Viento                              -30.18330   -69.06670  1530.00000 2026-01-01 10:00:00     1
     1     1        299.850         37.000      84970.000          0.044         -0.414      -888888.0      -888888.0
     0     0
CUESTA_Viento                              -30.18330   -69.06670  1530.00000 2026-01-01 10:30:00     1
     1     1        300.550         36.000      84930.000          0.330          0.147      -888888.0      -888888.0
     0     0
CUESTA_Viento                              -30.18330   -69.06670  1530.00000 2026-01-01 11:00:00     1
     1     1        301.250         34.000      84890.000          0.552          1.183      -888888.0      -888888.0
     0     0
CUESTA_Viento                              -30.18330   -69.06670  1530.00000 2026-01-01 11:30:00     1
     1     1        301.350         34.000      84870.000          1.243          2.791      -888888.0      -888888.0
     0     0
CUESTA_Viento                              -30.18330   -69.06670  1530.00000 2026-01-01 12:00:00     1
     1     1        301.550         34.000      84840.000          1.989          2.640      -888888.0      -888888.0
     0     0
CUESTA_Viento                              -30.18330   -69.06670  1530.00000 2026-01-01 12:30:00     1
     1     1        301.950         31.000      84810.000          1.571          3.889      -888888.0      -888888.0
     0     0
CUESTA_Viento                              -30.18330   -69.06670  1530.00000 2026-01-01 13:00:00     1
     1     1        302.450         31.000      84760.000          1.482          4.072      -888888.0      -888888.0
     0     0
CUESTA_Viento                              -30.18330   -69.06670  1530.00000 2026-01-01 13:30:00     1
     1     1        302.750         31.000      84710.000          1.661          3.730      -888888.0      -888888.0
     0     0
CUESTA_Viento                              -30.18330   -69.06670  1530.00000 2026-01-01 14:00:00     1
     1     1        303.350         29.000      84640.000          1.176          3.414      -888888.0      -888888.0
     0     0
CUESTA_Viento                              -30.18330   -69.06670  1530.00000 2026-01-01 14:30:00     1
     1     1        303.650         28.000      84600.000          1.457          3.606      -888888.0      -888888.0
     0     0
CUESTA_Viento                              -30.18330   -69.06670  1530.00000 2026-01-01 15:00:00     1
     1     1        303.950         28.000      84560.000          1.715          4.040      -888888.0      -888888.0
     0     0
CUESTA_Viento                              -30.18330   -69.06670  1530.00000 2026-01-01 15:30:00     1
     1     1        304.150         27.000      84510.000          1.413          4.622      -888888.0      -888888.0
     0     0
CUESTA_Viento                              -30.18330   -69.06670  1530.00000 2026-01-01 16:00:00     1
     1     1        304.150         27.000      84480.000          1.977          4.893      -888888.0      -888888.0
     0     0
CUESTA_Viento                              -30.18330   -69.06670  1530.00000 2026-01-01 16:30:00     1
     1     1        304.150         27.000      84440.000          2.384          5.354      -888888.0      -888888.0
     0     0
CUESTA_Viento                              -30.18330   -69.06670  1530.00000 2026-01-01 17:00:00     1
     1     1        304.250         27.000      84400.000          2.869          5.396      -888888.0      -888888.0
     0     0
CUESTA_Viento                              -30.18330   -69.06670  1530.00000 2026-01-01 17:30:00     1
     1     1        304.350         26.000      84370.000          2.279          5.370      -888888.0      -888888.0
     0     0
CUESTA_Viento                              -30.18330   -69.06670  1530.00000 2026-01-01 18:00:00     1
     1     1        304.050         27.000      84370.000          2.138          5.873      -888888.0      -888888.0
     0     0
CUESTA_Viento                              -30.18330   -69.06670  1530.00000 2026-01-01 18:30:00     1
     1     1        303.650         28.000      84390.000          3.389          5.870      -888888.0      -888888.0
     0     0
CUESTA_Viento                              -30.18330   -69.06670  1530.00000 2026-01-01 19:00:00     1
     1     1        303.550         28.000      84430.000          2.150          5.601      -888888.0      -888888.0
     0     0
CUESTA_Viento                              -30.18330   -69.06670  1530.00000 2026-01-01 19:30:00     1
     1     1        303.350         29.000      84470.000          2.435          4.993      -888888.0      -888888.0
     0     0
CUESTA_Viento                              -30.18330   -69.06670  1530.00000 2026-01-01 20:00:00     1
     1     1        303.050         28.000      84530.000          3.369          4.312      -888888.0      -888888.0
     0     0
CUESTA_Viento                              -30.18330   -69.06670  1530.00000 2026-01-01 20:30:00     1
     1     1        302.750         29.000      84570.000          2.008          2.867      -888888.0      -888888.0
     0     0
CUESTA_Viento                              -30.18330   -69.06670  1530.00000 2026-01-01 21:00:00     1
     1     1        302.450         30.000      84630.000          1.585          3.733      -888888.0      -888888.0
     0     0
CUESTA_Viento                              -30.18330   -69.06670  1530.00000 2026-01-01 21:30:00     1
     1     1        302.350         31.000      84670.000          2.323          2.580      -888888.0      -888888.0
     0     0
CUESTA_Viento                              -30.18330   -69.06670  1530.00000 2026-01-01 22:00:00     1
     1     1        302.250         30.000      84720.000          2.303          2.745      -888888.0      -888888.0
     0     0
CUESTA_Viento                              -30.18330   -69.06670  1530.00000 2026-01-01 22:30:00     1
     1     1        302.050         30.000      84760.000          1.803          3.000      -888888.0      -888888.0
     0     0
CUESTA_Viento                              -30.18330   -69.06670  1530.00000 2026-01-01 23:00:00     1
     1     1        301.050         36.000      84800.000          1.363          3.374      -888888.0      -888888.0
     0     0
CUESTA_Viento                              -30.18330   -69.06670  1530.00000 2026-01-01 23:30:00     1
     1     1        300.550         37.000      84820.000          1.832          3.304      -888888.0      -888888.0
     0     0
CARACOLES                                  -31.51940   -68.98510   942.00000 2026-01-01 00:00:00     1
     1     1        296.450         65.000      90390.000         -0.076          0.034      -888888.0      -888888.0
     0     0
CARACOLES                                  -31.51940   -68.98510   942.00000 2026-01-01 00:30:00     1
     1     1        296.550         64.000      90390.000         -0.086          0.109      -888888.0      -888888.0
     0     0
CARACOLES                                  -31.51940   -68.98510   942.00000 2026-01-01 01:00:00     1
     1     1        296.650         63.000      90370.000         -0.013          0.025      -888888.0      -888888.0
     0     0
CARACOLES                                  -31.51940   -68.98510   942.00000 2026-01-01 01:30:00     1
     1     1        296.450         65.000      90330.000         -0.064          0.091      -888888.0      -888888.0
     0     0
CARACOLES                                  -31.51940   -68.98510   942.00000 2026-01-01 02:00:00     1
     1     1        296.550         66.000      90310.000         -0.175          0.250      -888888.0      -888888.0
     0     0
CARACOLES                                  -31.51940   -68.98510   942.00000 2026-01-01 02:30:00     1
     1     1        296.350         68.000      90280.000         -0.000          0.000      -888888.0      -888888.0
     0     0
CARACOLES                                  -31.51940   -68.98510   942.00000 2026-01-01 03:00:00     1
     1     1        295.950         70.000      90230.000          0.010          0.111      -888888.0      -888888.0
     0     0
CARACOLES                                  -31.51940   -68.98510   942.00000 2026-01-01 03:30:00     1
     1     1        295.650         71.000      90210.000         -0.023          0.015      -888888.0      -888888.0
     0     0
CARACOLES                                  -31.51940   -68.98510   942.00000 2026-01-01 04:00:00     1
     1     1        295.350         74.000      90200.000         -0.053          0.016      -888888.0      -888888.0
     0     0
CARACOLES                                  -31.51940   -68.98510   942.00000 2026-01-01 04:30:00     1
     1     1        294.950         75.000      90180.000          0.012          0.111      -888888.0      -888888.0
     0     0
CARACOLES                                  -31.51940   -68.98510   942.00000 2026-01-01 05:00:00     1
     1     1        294.850         75.000      90180.000         -0.003          0.028      -888888.0      -888888.0
     0     0
CARACOLES                                  -31.51940   -68.98510   942.00000 2026-01-01 05:30:00     1
     1     1        294.450         75.000      90170.000         -0.015          0.053      -888888.0      -888888.0
     0     0
CARACOLES                                  -31.51940   -68.98510   942.00000 2026-01-01 06:00:00     1
     1     1        294.150         76.000      90170.000         -0.023          0.051      -888888.0      -888888.0
     0     0
CARACOLES                                  -31.51940   -68.98510   942.00000 2026-01-01 06:30:00     1
     1     1        294.850         68.000      90150.000          0.051          0.414      -888888.0      -888888.0
     0     0
CARACOLES                                  -31.51940   -68.98510   942.00000 2026-01-01 07:00:00     1
     1     1        296.450         54.000      90140.000          0.717          1.349      -888888.0      -888888.0
     0     0
CARACOLES                                  -31.51940   -68.98510   942.00000 2026-01-01 07:30:00     1
     1     1        297.550         48.000      90150.000          2.461          1.096      -888888.0      -888888.0
     0     0
CARACOLES                                  -31.51940   -68.98510   942.00000 2026-01-01 08:00:00     1
     1     1        298.150         46.000      90150.000          4.259          1.062      -888888.0      -888888.0
     0     0
CARACOLES                                  -31.51940   -68.98510   942.00000 2026-01-01 08:30:00     1
     1     1        299.250         45.000      90130.000          3.274          1.457      -888888.0      -888888.0
     0     0
CARACOLES                                  -31.51940   -68.98510   942.00000 2026-01-01 09:00:00     1
     1     1        300.250         43.000      90120.000          1.817          1.419      -888888.0      -888888.0
     0     0
CARACOLES                                  -31.51940   -68.98510   942.00000 2026-01-01 09:30:00     1
     1     1        300.850         45.000      90120.000         -1.175         -0.428      -888888.0      -888888.0
     0     0
CARACOLES                                  -31.51940   -68.98510   942.00000 2026-01-01 10:00:00     1
     1     1        301.050         46.000      90120.000         -1.214         -0.730      -888888.0      -888888.0
     0     0
CARACOLES                                  -31.51940   -68.98510   942.00000 2026-01-01 10:30:00     1
     1     1        301.950         42.000      90100.000         -1.248         -0.609      -888888.0      -888888.0
     0     0
CARACOLES                                  -31.51940   -68.98510   942.00000 2026-01-01 11:00:00     1
     1     1        302.750         38.000      90080.000         -1.421         -0.633      -888888.0      -888888.0
     0     0
CARACOLES                                  -31.51940   -68.98510   942.00000 2026-01-01 11:30:00     1
     1     1        303.550         36.000      90050.000         -1.381         -0.422      -888888.0      -888888.0
     0     0
CARACOLES                                  -31.51940   -68.98510   942.00000 2026-01-01 12:00:00     1
     1     1        303.950         36.000      90010.000         -1.523         -0.678      -888888.0      -888888.0
     0     0
CARACOLES                                  -31.51940   -68.98510   942.00000 2026-01-01 12:30:00     1
     1     1        304.350         35.000      89990.000         -1.698         -0.423      -888888.0      -888888.0
     0     0
CARACOLES                                  -31.51940   -68.98510   942.00000 2026-01-01 13:00:00     1
     1     1        304.950         37.000      89940.000         -1.509         -0.640      -888888.0      -888888.0
     0     0
CARACOLES                                  -31.51940   -68.98510   942.00000 2026-01-01 13:30:00     1
     1     1        305.250         36.000      89890.000         -1.673         -0.816      -888888.0      -888888.0
     0     0
CARACOLES                                  -31.51940   -68.98510   942.00000 2026-01-01 14:00:00     1
     1     1        305.850         34.000      89850.000         -1.575         -0.452      -888888.0      -888888.0
     0     0
CARACOLES                                  -31.51940   -68.98510   942.00000 2026-01-01 14:30:00     1
     1     1        306.350         33.000      89800.000         -1.345         -0.599      -888888.0      -888888.0
     0     0
CARACOLES                                  -31.51940   -68.98510   942.00000 2026-01-01 15:00:00     1
     1     1        306.850         31.000      89760.000         -1.348         -0.336      -888888.0      -888888.0
     0     0
CARACOLES                                  -31.51940   -68.98510   942.00000 2026-01-01 15:30:00     1
     1     1        307.150         30.000      89730.000         -1.357         -0.494      -888888.0      -888888.0
     0     0
CARACOLES                                  -31.51940   -68.98510   942.00000 2026-01-01 16:00:00     1
     1     1        307.350         30.000      89710.000         -1.647         -0.504      -888888.0      -888888.0
     0     0
CARACOLES                                  -31.51940   -68.98510   942.00000 2026-01-01 16:30:00     1
     1     1        307.450         30.000      89690.000         -1.381         -0.422      -888888.0      -888888.0
     0     0
CARACOLES                                  -31.51940   -68.98510   942.00000 2026-01-01 17:00:00     1
     1     1        307.650         30.000      89650.000         -1.057         -0.343      -888888.0      -888888.0
     0     0
CARACOLES                                  -31.51940   -68.98510   942.00000 2026-01-01 17:30:00     1
     1     1        307.550         30.000      89620.000         -1.110         -0.256      -888888.0      -888888.0
     0     0
CARACOLES                                  -31.51940   -68.98510   942.00000 2026-01-01 18:00:00     1
     1     1        307.450         30.000      89620.000         -1.482         -0.235      -888888.0      -888888.0
     0     0
CARACOLES                                  -31.51940   -68.98510   942.00000 2026-01-01 18:30:00     1
     1     1        307.250         29.000      89620.000         -1.020          0.125      -888888.0      -888888.0
     0     0
CARACOLES                                  -31.51940   -68.98510   942.00000 2026-01-01 19:00:00     1
     1     1        306.750         29.000      89660.000         -1.024          0.717      -888888.0      -888888.0
     0     0
CARACOLES                                  -31.51940   -68.98510   942.00000 2026-01-01 19:30:00     1
     1     1        306.150         30.000      89690.000         -0.848         -0.150      -888888.0      -888888.0
     0     0
CARACOLES                                  -31.51940   -68.98510   942.00000 2026-01-01 20:00:00     1
     1     1        305.850         29.000      89740.000         -0.595          0.137      -888888.0      -888888.0
     0     0
CARACOLES                                  -31.51940   -68.98510   942.00000 2026-01-01 20:30:00     1
     1     1        305.550         30.000      89770.000         -0.619          0.372      -888888.0      -888888.0
     0     0
CARACOLES                                  -31.51940   -68.98510   942.00000 2026-01-01 21:00:00     1
     1     1        304.750         33.000      89800.000         -0.304          0.624      -888888.0      -888888.0
     0     0
CARACOLES                                  -31.51940   -68.98510   942.00000 2026-01-01 21:30:00     1
     1     1        303.250         38.000      89830.000         -0.028          0.002      -888888.0      -888888.0
     0     0
CARACOLES                                  -31.51940   -68.98510   942.00000 2026-01-01 22:00:00     1
     1     1        302.850         38.000      89870.000         -0.150          0.200      -888888.0      -888888.0
     0     0
CARACOLES                                  -31.51940   -68.98510   942.00000 2026-01-01 22:30:00     1
     1     1        302.150         40.000      89910.000          0.003          0.028      -888888.0      -888888.0
     0     0
CARACOLES                                  -31.51940   -68.98510   942.00000 2026-01-01 23:00:00     1
     1     1        301.750         41.000      89930.000         -0.008          0.055      -888888.0      -888888.0
     0     0
CARACOLES                                  -31.51940   -68.98510   942.00000 2026-01-01 23:30:00     1
     1     1        301.050         44.000      89940.000         -0.001          0.028      -888888.0      -888888.0
     0     0
